1	(3,5]	(3,5]	(3,5]	(3,5]	(3,5]	(3,5]	(3,5]	(3,5]	(3,5]	(3,5]	(3,5]	(1,3]	(1,3]	(1,3]	(1,3]	(1,3]	(1,3]	(1,3]	(1,3]	(1,3]
10	[0,1]	[0,1]	(10,20]	(10,20]	(10,20]	(10,20]	(10,20]	(10,20]	(10,20]	(10,20]	(10,20]	(10,20]	(10,20]	(10,20]	(10,20]	(10,20]	(10,20]	(10,20]	(10,20]	(10,20]
100	*	*	*	*	*	*	*	*	*	*	(5,10]	(5,10]	(5,10]	(5,10]	(5,10]	(5,10]	(5,10]	(5,10]	(5,10]	(5,10]
101	[0,1]	[0,1]	[0,1]	[0,1]	[0,1]	[0,1]	[0,1]	[0,1]	[0,1]	[0,1]	[0,1]	[0,1]	[0,1]	[0,1]	[0,1]	[0,1]	[0,1]	[0,1]	[0,1]	[0,1]
102	(3,5]	(3,5]	(3,5]	(3,5]	(3,5]	(3,5]	(3,5]	(3,5]	(3,5]	(3,5]	(3,5]	(3,5]	(3,5]	(3,5]	(3,5]	(3,5]	(3,5]	(3,5]	(3,5]	(3,5]
103	(3,5]	(3,5]	(3,5]	(3,5]	(3,5]	(3,5]	(3,5]	(3,5]	(3,5]	(3,5]	(3,5]	(3,5]	(3,5]	(3,5]	(3,5]	(3,5]	(3,5]	(3,5]	(3,5]	(3,5]
104	(20,100]	(20,100]	(20,100]	(20,100]	(20,100]	(20,100]	(20,100]	(20,100]	(20,100]	(20,100]	(20,100]	(20,100]	(20,100]	(20,100]	(20,100]	(20,100]	(20,100]	(20,100]	(20,100]	(20,100]
105	(1,3]	(1,3]	(1,3]	(1,3]	(1,3]	(1,3]	(1,3]	(1,3]	(1,3]	(1,3]	(1,3]	(1,3]	(1,3]	(1,3]	(1,3]	(1,3]	(1,3]	(1,3]	(1,3]	(1,3]
106	(3,5]	(3,5]	(3,5]	(3,5]	(3,5]	(3,5]	(3,5]	(5,10]	(5,10]	(5,10]	(5,10]	(5,10]	(5,10]	(5,10]	(5,10]	(5,10]	(5,10]	(5,10]	(5,10]	(5,10]
107	(3,5]	(3,5]	(3,5]	(3,5]	(3,5]	(5,10]	(5,10]	(5,10]	(5,10]	(5,10]	(5,10]	(5,10]	(5,10]	(5,10]	(5,10]	(5,10]	(5,10]	(5,10]	(5,10]	(5,10]
108	(5,10]	(5,10]	(5,10]	(5,10]	%	%	%	%	%	%	%	%	%	%	%	%	%	%	%	%
109	*	*	*	*	*	*	(20,100]	(20,100]	(20,100]	(20,100]	(20,100]	(20,100]	(20,100]	(20,100]	(20,100]	(20,100]	(20,100]	(20,100]	(20,100]	(20,100]
11	*	*	*	*	*	*	(10,20]	(10,20]	(10,20]	(10,20]	(10,20]	(10,20]	(10,20]	(10,20]	(10,20]	(10,20]	(10,20]	(10,20]	(10,20]	(10,20]
110	*	(5,10]	(5,10]	(5,10]	(5,10]	(5,10]	(5,10]	(5,10]	(10,20]	(10,20]	(10,20]	(10,20]	(10,20]	(10,20]	(10,20]	(10,20]	(10,20]	(10,20]	(10,20]	(10,20]
113	(1,3]	(1,3]	(1,3]	(1,3]	(1,3]	(1,3]	(1,3]	(1,3]	(1,3]	(1,3]	(1,3]	(1,3]	(1,3]	(1,3]	(1,3]	(1,3]	(1,3]	(1,3]	(1,3]	(1,3]
114	(5,10]	(5,10]	(5,10]	(5,10]	(5,10]	(5,10]	(5,10]	(5,10]	%	%	%	%	%	%	%	%	%	%	%	%
115	(20,100]	(20,100]	(20,100]	(20,100]	(20,100]	(20,100]	(20,100]	(20,100]	(20,100]	(20,100]	(20,100]	(20,100]	(20,100]	(20,100]	(20,100]	(20,100]	(20,100]	(20,100]	(20,100]	(20,100]
117	(10,20]	(10,20]	(10,20]	(10,20]	(10,20]	(10,20]	(10,20]	(10,20]	(10,20]	(10,20]	%	%	%	%	%	%	%	%	%	%
12	(10,20]	(10,20]	(10,20]	(10,20]	(10,20]	(10,20]	(10,20]	(10,20]	(10,20]	(10,20]	(10,20]	(10,20]	(10,20]	(10,20]	(10,20]	(10,20]	(10,20]	(10,20]	(10,20]	(10,20]
120	(10,20]	(10,20]	(10,20]	(10,20]	(10,20]	(10,20]	(10,20]	(10,20]	(10,20]	(10,20]	(10,20]	(10,20]	(10,20]	(10,20]	(10,20]	(10,20]	(10,20]	(10,20]	(10,20]	(10,20]
121	*	*	*	*	*	*	*	*	*	*	(5,10]	(5,10]	(5,10]	(3,5]	(3,5]	(3,5]	(3,5]	(3,5]	(3,5]	(3,5]
122	(3,5]	(3,5]	(3,5]	(3,5]	(3,5]	(3,5]	(3,5]	(3,5]	(3,5]	(3,5]	(3,5]	(3,5]	(3,5]	(3,5]	(3,5]	(10,20]	(10,20]	(10,20]	(10,20]	(10,20]
124	(3,5]	(3,5]	(3,5]	(3,5]	(3,5]	(3,5]	(3,5]	(3,5]	(3,5]	(3,5]	(1,3]	(1,3]	(1,3]	(1,3]	(1,3]	(1,3]	(1,3]	(1,3]	(1,3]	(1,3]
125	(20,100]	(20,100]	(20,100]	(20,100]	(20,100]	(20,100]	(20,100]	(20,100]	(20,100]	(20,100]	(20,100]	(20,100]	(20,100]	(20,100]	(20,100]	(20,100]	(20,100]	(20,100]	(20,100]	(20,100]
126	(20,100]	(20,100]	(20,100]	(20,100]	(20,100]	(20,100]	(20,100]	(20,100]	(20,100]	(20,100]	(20,100]	(20,100]	(20,100]	(20,100]	(20,100]	(20,100]	(20,100]	(20,100]	(20,100]	(20,100]
130	*	*	*	*	*	*	*	*	*	*	*	*	*	*	*	*	*	(1,3]	(1,3]	(1,3]
131	*	*	*	(3,5]	(3,5]	(3,5]	(3,5]	(3,5]	(3,5]	(3,5]	(3,5]	(3,5]	(1,3]	(1,3]	(1,3]	(1,3]	(1,3]	(1,3]	(1,3]	(1,3]
133	(3,5]	(3,5]	(3,5]	(3,5]	(3,5]	(3,5]	(3,5]	(3,5]	(3,5]	(3,5]	(3,5]	(3,5]	(3,5]	(3,5]	(1,3]	(1,3]	(1,3]	(1,3]	(1,3]	(1,3]
137	(5,10]	(5,10]	(5,10]	(5,10]	(5,10]	(5,10]	(5,10]	(5,10]	(5,10]	(5,10]	(5,10]	(5,10]	(5,10]	(5,10]	(5,10]	(5,10]	(5,10]	(5,10]	(5,10]	(5,10]
139	(1,3]	(1,3]	(5,10]	(5,10]	(5,10]	(5,10]	(5,10]	(5,10]	(5,10]	(5,10]	(5,10]	(5,10]	(5,10]	(5,10]	(5,10]	(5,10]	(5,10]	(5,10]	(5,10]	(5,10]
14	*	(20,100]	(20,100]	(20,100]	(3,5]	(3,5]	(3,5]	(3,5]	(3,5]	(3,5]	(3,5]	(3,5]	(3,5]	(3,5]	(3,5]	(3,5]	(20,100]	(20,100]	(20,100]	(20,100]
140	(10,20]	(10,20]	(10,20]	(10,20]	(10,20]	(10,20]	(10,20]	(10,20]	(20,100]	(20,100]	(20,100]	(20,100]	(20,100]	(20,100]	(20,100]	(20,100]	(20,100]	(20,100]	(20,100]	(20,100]
142	(5,10]	(5,10]	(5,10]	(5,10]	(5,10]	(5,10]	(5,10]	(5,10]	(5,10]	(5,10]	(5,10]	(5,10]	(10,20]	(10,20]	(10,20]	(10,20]	(10,20]	(10,20]	(10,20]	(10,20]
144	*	*	*	*	*	*	*	*	*	*	*	*	*	*	*	*	(3,5]	(3,5]	(3,5]	(3,5]
145	(10,20]	(10,20]	(10,20]	(10,20]	(10,20]	(10,20]	(10,20]	(10,20]	(10,20]	(10,20]	(10,20]	(10,20]	(10,20]	(10,20]	(10,20]	(10,20]	(10,20]	(10,20]	(10,20]	(10,20]
147	[0,1]	[0,1]	[0,1]	[0,1]	[0,1]	[0,1]	[0,1]	[0,1]	[0,1]	[0,1]	[0,1]	[0,1]	[0,1]	[0,1]	[0,1]	[0,1]	[0,1]	[0,1]	[0,1]	(1,3]
148	(20,100]	(20,100]	(20,100]	(20,100]	(20,100]	(20,100]	(20,100]	(20,100]	(20,100]	(20,100]	(20,100]	(20,100]	(20,100]	(20,100]	(20,100]	(20,100]	(20,100]	(20,100]	(20,100]	(20,100]
149	*	*	*	*	*	*	*	*	*	*	*	*	(20,100]	(20,100]	(20,100]	(20,100]	(20,100]	(20,100]	(20,100]	(20,100]
15	*	*	*	*	(3,5]	(3,5]	(3,5]	(3,5]	(3,5]	(3,5]	(3,5]	(3,5]	(3,5]	(3,5]	(3,5]	(3,5]	(3,5]	(3,5]	(3,5]	(3,5]
150	*	*	*	*	*	*	(20,100]	(20,100]	(20,100]	(20,100]	*	*	*	*	*	(20,100]	(20,100]	(20,100]	(20,100]	(20,100]
151	(10,20]	(10,20]	(10,20]	(10,20]	(10,20]	(10,20]	(10,20]	(10,20]	(10,20]	(10,20]	(10,20]	(10,20]	(10,20]	(10,20]	(10,20]	(10,20]	(10,20]	(10,20]	(10,20]	(10,20]
155	(3,5]	(3,5]	(3,5]	(3,5]	(3,5]	(3,5]	(3,5]	(3,5]	%	%	%	%	%	%	%	%	%	%	%	%
156	*	*	(3,5]	(3,5]	(3,5]	(3,5]	(3,5]	(3,5]	(3,5]	(5,10]	(5,10]	(5,10]	(5,10]	(5,10]	(5,10]	(5,10]	(5,10]	(5,10]	(5,10]	(5,10]
157	(3,5]	(3,5]	(3,5]	(3,5]	(3,5]	(3,5]	(3,5]	(3,5]	(3,5]	(3,5]	(3,5]	(3,5]	(3,5]	(3,5]	(3,5]	(3,5]	(3,5]	(3,5]	(3,5]	(3,5]
158	(10,20]	(10,20]	(10,20]	(10,20]	(10,20]	(10,20]	(10,20]	(10,20]	(10,20]	(10,20]	(10,20]	(10,20]	(10,20]	(10,20]	(10,20]	(10,20]	(10,20]	(10,20]	(10,20]	(10,20]
16	(10,20]	(10,20]	(10,20]	(10,20]	(10,20]	(10,20]	(10,20]	(10,20]	(10,20]	(10,20]	(10,20]	(10,20]	(10,20]	(10,20]	(10,20]	(10,20]	(10,20]	(10,20]	(10,20]	(10,20]
160	(20,100]	(20,100]	(20,100]	(20,100]	(20,100]	(20,100]	(20,100]	(20,100]	(20,100]	(20,100]	(20,100]	(20,100]	(20,100]	(20,100]	(20,100]	(20,100]	(20,100]	(20,100]	(20,100]	(20,100]
161	(10,20]	(10,20]	(10,20]	(10,20]	(10,20]	(10,20]	(10,20]	(10,20]	(10,20]	(10,20]	(10,20]	(10,20]	(10,20]	(10,20]	(10,20]	(10,20]	(10,20]	(10,20]	(10,20]	(10,20]
162	(10,20]	(10,20]	(10,20]	(10,20]	(10,20]	(10,20]	(10,20]	(10,20]	(10,20]	(10,20]	(10,20]	(10,20]	(10,20]	(10,20]	(10,20]	(10,20]	(10,20]	(10,20]	(10,20]	(10,20]
163	*	*	*	*	*	*	*	*	*	(3,5]	(3,5]	(3,5]	(3,5]	(3,5]	(5,10]	(5,10]	(5,10]	(5,10]	(5,10]	(5,10]
164	(5,10]	(5,10]	(5,10]	(5,10]	(5,10]	(5,10]	(5,10]	(5,10]	(5,10]	(5,10]	(5,10]	(5,10]	(5,10]	(5,10]	(5,10]	(5,10]	(5,10]	(5,10]	(5,10]	(5,10]
166	*	*	*	*	*	*	*	*	*	*	*	*	*	*	*	*	*	*	(20,100]	(20,100]
168	*	*	*	*	*	*	*	*	*	*	*	*	*	*	*	*	*	*	(1,3]	(1,3]
169	(5,10]	(5,10]	(5,10]	(5,10]	(5,10]	(5,10]	(5,10]	(5,10]	(5,10]	(5,10]	(5,10]	(5,10]	(5,10]	(5,10]	(5,10]	(5,10]	(5,10]	%	%	%
17	(3,5]	(3,5]	(3,5]	(3,5]	(3,5]	(3,5]	(3,5]	(3,5]	(3,5]	(3,5]	(3,5]	(3,5]	(5,10]	(5,10]	(5,10]	(5,10]	(5,10]	(5,10]	(5,10]	(5,10]
170	*	*	*	*	(5,10]	(5,10]	(5,10]	(5,10]	(5,10]	(5,10]	(5,10]	(5,10]	(5,10]	(5,10]	(5,10]	(5,10]	(5,10]	(5,10]	(5,10]	(5,10]
172	(10,20]	(10,20]	(10,20]	(10,20]	(10,20]	(10,20]	(10,20]	(10,20]	(10,20]	(10,20]	(10,20]	(10,20]	(10,20]	(10,20]	(10,20]	(10,20]	(10,20]	(10,20]	(10,20]	(10,20]
173	*	*	*	*	*	*	*	*	*	*	*	*	*	*	*	*	*	(20,100]	(20,100]	(20,100]
174	*	*	*	*	*	*	*	*	*	*	*	*	*	(10,20]	(10,20]	(10,20]	(10,20]	(10,20]	(10,20]	(10,20]
175	(10,20]	(10,20]	(10,20]	(10,20]	(10,20]	(10,20]	(10,20]	(10,20]	(10,20]	(10,20]	(10,20]	(10,20]	(10,20]	(10,20]	(10,20]	(10,20]	(10,20]	(10,20]	(10,20]	(10,20]
176	*	*	*	*	*	*	*	*	*	*	*	*	*	*	*	*	*	*	*	(5,10]
179	(5,10]	(5,10]	(5,10]	(5,10]	(5,10]	(5,10]	(5,10]	(5,10]	(5,10]	(5,10]	(5,10]	%	%	%	%	%	%	%	%	%
18	*	*	*	*	*	*	(1,3]	(1,3]	(1,3]	(1,3]	(1,3]	(1,3]	(1,3]	(1,3]	(1,3]	(1,3]	(1,3]	(1,3]	(1,3]	(1,3]
180	(1,3]	(1,3]	(1,3]	(1,3]	(1,3]	(1,3]	(1,3]	(1,3]	(1,3]	(1,3]	(1,3]	(1,3]	(1,3]	(1,3]	(1,3]	(1,3]	(1,3]	(1,3]	(1,3]	(1,3]
181	*	*	*	*	*	*	*	*	*	*	*	(3,5]	(1,3]	(1,3]	(3,5]	%	%	%	%	%
183	*	*	*	*	*	*	*	*	*	*	*	*	*	(1,3]	(1,3]	(1,3]	(1,3]	(1,3]	(1,3]	(1,3]
185	*	*	*	*	*	*	*	*	*	*	*	*	*	*	*	*	*	*	(5,10]	(5,10]
187	(3,5]	(3,5]	(3,5]	(3,5]	(3,5]	(3,5]	(3,5]	(3,5]	(3,5]	(3,5]	(3,5]	(3,5]	(3,5]	(3,5]	(3,5]	(3,5]	(3,5]	(3,5]	(3,5]	(3,5]
188	(1,3]	(1,3]	(1,3]	(1,3]	(1,3]	(1,3]	(1,3]	(1,3]	(1,3]	(1,3]	(1,3]	(1,3]	(1,3]	(1,3]	(1,3]	(1,3]	(1,3]	(1,3]	(1,3]	(1,3]
189	*	*	*	*	*	*	*	*	*	*	*	*	*	*	*	*	(10,20]	(10,20]	(10,20]	(10,20]
19	*	*	*	*	*	*	*	*	*	*	*	*	*	*	*	*	(5,10]	(5,10]	(5,10]	(5,10]
190	*	*	(3,5]	(3,5]	(3,5]	(3,5]	(3,5]	(3,5]	(3,5]	(3,5]	(3,5]	(3,5]	(3,5]	(3,5]	(3,5]	(3,5]	(3,5]	(3,5]	(3,5]	(3,5]
191	*	(10,20]	(10,20]	(10,20]	(10,20]	(10,20]	(10,20]	(10,20]	(10,20]	(10,20]	(10,20]	(10,20]	(10,20]	(10,20]	(10,20]	(10,20]	(10,20]	(10,20]	(10,20]	(10,20]
192	(5,10]	(5,10]	(5,10]	(5,10]	(5,10]	(5,10]	(5,10]	(5,10]	(5,10]	(5,10]	(5,10]	(5,10]	(5,10]	(5,10]	(5,10]	(5,10]	(5,10]	(5,10]	(5,10]	(5,10]
194	*	*	*	*	*	*	(5,10]	(5,10]	(5,10]	(5,10]	(5,10]	(5,10]	(5,10]	(5,10]	(5,10]	(5,10]	(5,10]	(5,10]	(5,10]	(5,10]
196	(1,3]	(1,3]	(1,3]	(1,3]	(1,3]	(1,3]	(1,3]	(1,3]	(1,3]	(1,3]	(1,3]	(1,3]	(1,3]	(1,3]	(1,3]	(1,3]	(1,3]	(1,3]	(1,3]	(1,3]
197	*	*	*	*	*	*	*	*	*	*	[0,1]	[0,1]	[0,1]	[0,1]	[0,1]	[0,1]	[0,1]	[0,1]	(1,3]	(1,3]
198	*	*	*	*	*	*	*	*	*	*	*	*	*	*	*	(1,3]	(1,3]	(1,3]	(1,3]	(1,3]
199	*	*	*	*	*	*	*	*	*	*	*	*	*	*	*	*	*	*	*	(3,5]
2	*	*	*	(1,3]	(1,3]	(1,3]	(1,3]	(1,3]	(1,3]	(1,3]	(1,3]	(1,3]	(1,3]	(1,3]	(1,3]	(1,3]	(1,3]	(1,3]	(1,3]	(1,3]
20	*	*	*	*	*	*	*	*	*	*	*	*	*	*	(10,20]	(10,20]	(10,20]	(10,20]	(10,20]	(10,20]
200	(10,20]	(10,20]	(10,20]	(10,20]	(10,20]	(10,20]	(10,20]	(10,20]	(10,20]	(10,20]	(10,20]	(10,20]	(10,20]	(10,20]	(10,20]	(10,20]	(10,20]	(10,20]	(10,20]	(10,20]
202	*	*	*	*	*	*	*	*	*	*	*	*	*	*	*	*	*	(10,20]	(10,20]	(10,20]
203	*	*	*	*	*	*	(3,5]	(3,5]	(3,5]	(3,5]	(3,5]	(3,5]	(3,5]	(1,3]	(1,3]	(1,3]	(1,3]	(1,3]	(1,3]	(1,3]
205	*	*	*	*	*	*	(5,10]	(5,10]	(5,10]	(5,10]	(5,10]	(5,10]	(5,10]	(5,10]	(5,10]	(5,10]	(5,10]	(5,10]	(5,10]	(5,10]
207	*	*	*	*	[0,1]	[0,1]	[0,1]	[0,1]	[0,1]	[0,1]	[0,1]	[0,1]	[0,1]	[0,1]	[0,1]	[0,1]	[0,1]	[0,1]	[0,1]	[0,1]
209	(5,10]	(5,10]	(5,10]	(5,10]	(5,10]	(5,10]	(5,10]	(5,10]	(5,10]	(5,10]	(5,10]	(5,10]	(5,10]	(5,10]	(5,10]	(5,10]	(5,10]	(5,10]	(5,10]	(5,10]
210	*	*	*	*	*	*	(20,100]	(20,100]	(20,100]	(20,100]	(20,100]	(20,100]	(20,100]	(20,100]	(20,100]	(20,100]	(20,100]	(20,100]	(20,100]	(20,100]
211	*	*	*	*	*	(20,100]	(20,100]	(20,100]	(20,100]	(20,100]	(20,100]	(20,100]	(20,100]	(20,100]	(20,100]	(20,100]	(20,100]	(20,100]	(20,100]	(20,100]
212	(5,10]	(5,10]	(5,10]	(5,10]	(5,10]	(5,10]	(5,10]	(5,10]	(5,10]	(5,10]	(5,10]	(5,10]	(5,10]	(5,10]	(5,10]	(5,10]	(5,10]	(5,10]	(5,10]	(5,10]
215	(1,3]	(1,3]	(1,3]	(1,3]	(1,3]	(1,3]	(1,3]	(1,3]	(1,3]	(1,3]	(1,3]	(1,3]	(1,3]	(1,3]	(1,3]	(1,3]	(1,3]	(1,3]	(1,3]	(1,3]
216	(10,20]	(10,20]	(10,20]	(10,20]	(10,20]	(10,20]	(10,20]	(10,20]	(10,20]	(10,20]	(10,20]	(10,20]	(10,20]	(10,20]	(5,10]	(5,10]	(5,10]	(5,10]	(5,10]	(5,10]
217	(20,100]	(20,100]	(20,100]	(20,100]	(20,100]	(20,100]	(20,100]	(20,100]	(20,100]	(20,100]	(5,10]	(5,10]	(5,10]	(5,10]	(5,10]	(5,10]	(5,10]	(5,10]	(5,10]	(5,10]
218	(10,20]	(10,20]	(10,20]	(10,20]	(10,20]	(10,20]	(10,20]	(10,20]	(10,20]	(10,20]	(10,20]	(10,20]	(10,20]	(10,20]	(10,20]	(10,20]	(10,20]	(10,20]	(10,20]	(10,20]
22	*	*	*	*	*	*	*	*	*	*	*	*	*	*	(10,20]	(10,20]	(10,20]	(10,20]	(10,20]	(10,20]
222	*	(10,20]	(10,20]	(10,20]	(10,20]	(10,20]	(10,20]	(10,20]	(10,20]	(10,20]	(10,20]	(10,20]	(10,20]	(10,20]	(10,20]	(10,20]	(10,20]	(10,20]	(10,20]	(10,20]
223	*	(10,20]	(10,20]	(10,20]	(10,20]	(10,20]	(10,20]	(10,20]	(10,20]	(10,20]	(10,20]	(10,20]	(10,20]	(10,20]	(10,20]	(10,20]	(10,20]	(10,20]	(10,20]	(10,20]
224	(5,10]	(5,10]	(5,10]	(5,10]	(5,10]	(5,10]	(5,10]	(5,10]	(5,10]	(5,10]	(5,10]	(5,10]	(5,10]	(5,10]	(5,10]	(5,10]	(5,10]	(5,10]	(5,10]	(5,10]
225	*	*	*	(10,20]	(10,20]	(10,20]	(10,20]	(10,20]	(10,20]	(10,20]	(10,20]	(10,20]	(10,20]	(10,20]	(10,20]	(10,20]	(10,20]	(10,20]	(10,20]	(10,20]
227	(3,5]	(3,5]	(3,5]	(3,5]	(3,5]	(3,5]	(3,5]	(3,5]	(3,5]	(3,5]	(3,5]	(3,5]	(3,5]	(3,5]	(3,5]	(3,5]	(3,5]	(3,5]	(3,5]	(3,5]
228	(5,10]	(5,10]	(5,10]	(5,10]	(5,10]	(5,10]	(5,10]	(5,10]	(5,10]	(5,10]	(5,10]	(5,10]	(5,10]	(5,10]	(5,10]	(5,10]	(5,10]	(5,10]	(5,10]	(5,10]
229	*	*	*	(3,5]	(3,5]	(3,5]	(3,5]	(3,5]	(3,5]	(3,5]	(3,5]	(3,5]	(3,5]	(3,5]	(3,5]	(3,5]	(3,5]	(3,5]	(3,5]	(3,5]
23	*	*	*	*	*	*	*	*	*	*	*	*	*	*	*	*	(10,20]	(10,20]	(10,20]	(10,20]
230	(3,5]	(3,5]	(3,5]	(3,5]	(3,5]	(3,5]	(5,10]	(5,10]	(5,10]	(5,10]	(5,10]	(5,10]	(5,10]	(5,10]	(5,10]	(5,10]	(5,10]	(5,10]	(5,10]	(5,10]
231	*	*	*	*	*	*	*	(3,5]	(3,5]	(3,5]	(3,5]	(3,5]	(3,5]	(5,10]	(5,10]	(5,10]	(5,10]	(5,10]	(5,10]	(5,10]
232	(5,10]	(5,10]	(5,10]	(5,10]	(5,10]	(5,10]	(5,10]	(5,10]	(5,10]	(5,10]	(5,10]	(5,10]	(5,10]	(5,10]	(5,10]	(5,10]	(5,10]	(5,10]	(5,10]	(5,10]
234	(1,3]	(1,3]	(1,3]	(1,3]	(1,3]	(1,3]	(1,3]	(1,3]	(1,3]	(1,3]	(1,3]	(1,3]	(1,3]	(1,3]	(1,3]	(1,3]	(1,3]	(1,3]	(1,3]	(1,3]
235	(20,100]	(20,100]	(20,100]	(20,100]	(20,100]	(20,100]	(20,100]	(20,100]	(20,100]	(20,100]	(20,100]	(20,100]	(20,100]	(20,100]	(20,100]	(20,100]	(20,100]	(20,100]	(20,100]	(20,100]
236	(5,10]	(5,10]	(5,10]	(5,10]	(5,10]	(5,10]	(5,10]	(5,10]	(5,10]	(5,10]	(5,10]	(5,10]	(5,10]	(5,10]	(5,10]	(5,10]	(5,10]	(5,10]	(5,10]	(5,10]
237	*	(10,20]	(10,20]	(10,20]	(10,20]	(10,20]	(10,20]	(10,20]	(10,20]	(10,20]	(5,10]	(5,10]	(5,10]	(5,10]	(5,10]	(5,10]	(5,10]	(5,10]	(5,10]	(5,10]
238	(10,20]	(10,20]	(10,20]	(10,20]	(5,10]	(5,10]	(5,10]	(5,10]	(5,10]	(5,10]	(5,10]	(5,10]	(5,10]	(5,10]	(5,10]	(5,10]	(5,10]	(5,10]	(5,10]	(5,10]
239	(20,100]	(20,100]	(20,100]	(20,100]	(10,20]	(10,20]	(10,20]	(10,20]	(10,20]	(10,20]	(10,20]	(10,20]	(10,20]	(10,20]	(10,20]	(10,20]	(10,20]	(10,20]	(10,20]	(10,20]
240	(20,100]	(20,100]	(20,100]	(20,100]	(20,100]	(20,100]	(20,100]	(20,100]	(20,100]	(20,100]	(20,100]	*	*	*	(20,100]	(20,100]	(20,100]	(20,100]	(20,100]	(20,100]
241	*	*	*	*	*	*	*	*	*	*	*	*	(1,3]	(1,3]	(1,3]	(1,3]	(1,3]	(1,3]	(1,3]	(1,3]
242	*	*	*	*	*	*	*	*	*	*	*	*	(5,10]	(5,10]	(5,10]	(5,10]	(5,10]	(5,10]	(5,10]	(5,10]
243	(1,3]	(1,3]	(1,3]	(1,3]	(1,3]	(1,3]	(1,3]	(1,3]	(1,3]	(1,3]	(1,3]	(1,3]	(1,3]	(1,3]	(1,3]	(1,3]	(1,3]	(1,3]	(1,3]	(1,3]
245	(10,20]	(10,20]	(10,20]	(10,20]	(10,20]	(3,5]	(3,5]	(3,5]	(3,5]	(3,5]	(3,5]	(3,5]	(3,5]	(3,5]	(3,5]	(3,5]	(10,20]	(10,20]	(10,20]	(10,20]
246	(10,20]	(10,20]	(10,20]	(10,20]	(10,20]	(10,20]	(10,20]	(10,20]	(10,20]	(10,20]	(10,20]	(10,20]	(10,20]	(10,20]	(10,20]	(10,20]	(10,20]	(10,20]	(10,20]	(10,20]
247	*	*	*	*	*	*	*	*	*	*	*	*	*	*	*	*	(20,100]	(20,100]	(20,100]	(20,100]
248	(20,100]	(20,100]	(20,100]	(20,100]	(20,100]	(20,100]	(20,100]	(20,100]	(20,100]	(20,100]	(20,100]	(20,100]	(20,100]	(20,100]	(20,100]	(20,100]	(20,100]	(20,100]	(20,100]	(20,100]
249	(5,10]	(5,10]	(10,20]	(10,20]	(10,20]	(10,20]	(10,20]	(10,20]	(10,20]	(10,20]	(10,20]	(10,20]	(10,20]	(10,20]	(10,20]	(10,20]	(10,20]	(10,20]	(10,20]	(10,20]
25	*	*	*	*	*	*	*	*	*	*	*	*	*	*	*	*	(1,3]	(1,3]	(1,3]	(1,3]
250	(10,20]	(10,20]	(10,20]	(10,20]	(10,20]	(10,20]	(10,20]	(10,20]	(10,20]	(10,20]	(10,20]	(10,20]	(10,20]	(10,20]	(10,20]	(10,20]	(10,20]	(10,20]	(10,20]	(10,20]
251	(20,100]	(20,100]	(20,100]	(20,100]	(20,100]	(20,100]	(20,100]	(20,100]	(20,100]	(20,100]	(20,100]	(20,100]	(20,100]	(20,100]	(20,100]	(20,100]	(20,100]	(20,100]	(20,100]	(20,100]
254	*	*	*	*	(1,3]	(1,3]	(1,3]	(1,3]	(1,3]	(1,3]	(1,3]	(1,3]	(1,3]	(1,3]	(1,3]	(3,5]	(3,5]	(3,5]	(3,5]	(3,5]
255	*	*	*	*	*	*	*	*	*	*	*	*	*	*	*	*	(1,3]	(1,3]	(1,3]	(1,3]
256	*	*	*	*	*	(20,100]	(20,100]	(20,100]	(20,100]	(20,100]	(20,100]	(20,100]	(20,100]	(20,100]	(20,100]	(20,100]	(20,100]	(20,100]	(20,100]	(20,100]
258	*	*	*	*	*	*	(5,10]	(5,10]	(3,5]	(3,5]	(1,3]	(1,3]	(1,3]	*	(1,3]	(1,3]	(1,3]	(1,3]	(1,3]	(1,3]
259	(10,20]	(10,20]	(10,20]	(10,20]	(10,20]	(10,20]	(10,20]	(10,20]	(10,20]	(10,20]	(10,20]	(10,20]	(10,20]	(10,20]	(10,20]	(10,20]	(10,20]	(10,20]	(10,20]	(10,20]
262	*	*	*	*	*	*	*	*	*	*	*	*	*	*	*	*	(20,100]	(20,100]	(20,100]	(20,100]
264	(5,10]	(5,10]	(5,10]	(5,10]	(5,10]	(5,10]	(5,10]	(5,10]	(5,10]	(5,10]	(5,10]	(5,10]	(5,10]	(5,10]	(5,10]	(5,10]	(5,10]	(5,10]	(5,10]	(5,10]
265	(3,5]	(3,5]	(3,5]	(3,5]	(3,5]	(3,5]	(3,5]	(3,5]	(3,5]	(3,5]	(3,5]	(3,5]	(3,5]	(3,5]	(3,5]	(3,5]	(3,5]	(3,5]	(3,5]	(3,5]
266	(20,100]	(20,100]	(20,100]	(20,100]	(20,100]	(20,100]	%	%	%	%	%	%	%	%	%	%	%	%	%	%
267	(5,10]	(5,10]	(5,10]	(5,10]	(5,10]	(5,10]	(5,10]	(5,10]	(5,10]	(5,10]	(5,10]	(5,10]	(5,10]	(5,10]	(5,10]	(5,10]	(5,10]	(5,10]	(5,10]	(5,10]
268	(10,20]	(10,20]	(10,20]	(10,20]	(10,20]	(10,20]	(10,20]	(10,20]	(10,20]	(10,20]	(10,20]	(10,20]	(10,20]	(10,20]	(10,20]	(10,20]	(10,20]	(10,20]	(10,20]	(10,20]
27	*	*	*	*	*	*	*	*	*	*	*	*	*	*	*	(20,100]	(20,100]	(20,100]	(20,100]	(20,100]
271	*	*	*	*	*	*	*	*	*	(5,10]	(5,10]	(5,10]	(5,10]	(5,10]	(5,10]	(5,10]	(5,10]	(5,10]	(5,10]	(5,10]
272	(3,5]	(3,5]	(3,5]	(3,5]	(3,5]	(3,5]	(3,5]	(3,5]	(3,5]	(3,5]	(3,5]	(3,5]	(3,5]	(3,5]	(3,5]	(3,5]	(3,5]	(3,5]	(3,5]	(3,5]
273	*	*	*	*	*	*	*	*	*	*	*	*	*	*	*	(1,3]	(1,3]	(1,3]	(1,3]	(1,3]
274	*	*	*	*	*	*	*	*	*	*	*	*	*	*	*	*	(5,10]	(5,10]	(5,10]	(5,10]
275	*	*	*	*	*	*	*	*	(20,100]	(20,100]	(3,5]	(5,10]	(5,10]	(5,10]	(5,10]	(5,10]	(5,10]	(5,10]	(5,10]	(5,10]
276	(5,10]	(5,10]	(5,10]	(5,10]	(5,10]	(5,10]	(5,10]	(5,10]	(5,10]	(5,10]	(5,10]	(5,10]	(5,10]	(5,10]	(5,10]	(5,10]	(5,10]	(5,10]	(5,10]	(5,10]
278	*	*	*	*	*	*	*	*	*	*	*	*	*	*	*	*	(3,5]	(3,5]	(3,5]	(3,5]
28	*	*	*	*	*	*	*	*	*	*	*	*	*	*	(20,100]	(20,100]	(20,100]	(20,100]	(20,100]	(20,100]
280	(3,5]	(3,5]	(5,10]	(5,10]	(5,10]	(5,10]	(5,10]	(5,10]	(5,10]	(5,10]	(5,10]	(5,10]	(5,10]	(5,10]	(5,10]	(5,10]	(5,10]	(5,10]	(5,10]	(5,10]
282	(5,10]	(5,10]	(5,10]	(5,10]	(5,10]	(5,10]	(5,10]	(5,10]	(5,10]	(5,10]	(5,10]	(5,10]	(5,10]	(5,10]	(5,10]	(5,10]	(5,10]	(5,10]	(5,10]	(5,10]
283	(3,5]	(3,5]	(3,5]	(3,5]	(3,5]	(3,5]	(3,5]	%	%	%	%	%	%	%	%	%	%	%	%	%
284	*	*	*	*	*	*	*	*	(20,100]	%	%	%	%	%	%	%	%	%	%	%
285	(20,100]	(20,100]	(20,100]	(20,100]	(20,100]	(20,100]	(20,100]	(20,100]	(20,100]	(20,100]	(20,100]	(20,100]	(20,100]	(20,100]	(20,100]	(20,100]	(20,100]	(20,100]	(20,100]	(20,100]
286	(10,20]	(10,20]	(10,20]	(10,20]	(10,20]	(10,20]	(10,20]	(10,20]	(10,20]	(10,20]	(10,20]	(10,20]	(10,20]	(10,20]	(10,20]	(10,20]	(10,20]	(10,20]	(10,20]	(10,20]
287	*	*	*	*	*	*	*	*	*	*	*	(5,10]	(5,10]	(5,10]	(5,10]	(5,10]	(5,10]	(5,10]	(5,10]	(5,10]
288	*	*	*	*	*	*	*	*	*	*	*	*	*	*	*	*	*	*	(3,5]	(3,5]
289	*	*	(1,3]	(1,3]	(1,3]	(1,3]	(1,3]	(1,3]	(1,3]	(1,3]	(1,3]	(1,3]	(1,3]	(1,3]	(1,3]	(1,3]	(1,3]	(1,3]	(1,3]	(1,3]
29	(5,10]	(5,10]	(5,10]	(5,10]	(5,10]	(5,10]	(5,10]	(5,10]	(5,10]	(5,10]	(5,10]	(5,10]	(5,10]	(5,10]	(5,10]	(5,10]	(5,10]	(5,10]	(5,10]	(5,10]
291	*	*	*	*	*	(1,3]	(1,3]	(1,3]	(1,3]	(1,3]	(1,3]	(1,3]	(1,3]	(1,3]	(1,3]	(1,3]	(1,3]	(1,3]	(1,3]	(1,3]
292	*	*	*	*	*	*	*	*	*	*	*	*	*	*	*	*	*	*	(3,5]	(3,5]
293	*	*	(10,20]	(10,20]	(10,20]	(10,20]	(10,20]	(10,20]	(10,20]	(10,20]	(10,20]	(10,20]	(10,20]	(10,20]	(10,20]	(10,20]	(10,20]	(10,20]	(10,20]	(10,20]
295	*	*	*	*	*	*	*	*	(1,3]	(1,3]	(1,3]	(1,3]	(1,3]	(1,3]	(1,3]	(1,3]	(1,3]	(1,3]	(1,3]	(1,3]
296	(1,3]	(1,3]	(1,3]	(1,3]	(3,5]	(3,5]	(3,5]	(3,5]	(3,5]	(3,5]	(3,5]	(3,5]	(3,5]	(3,5]	(3,5]	(3,5]	(3,5]	(3,5]	(3,5]	(3,5]
297	(10,20]	(10,20]	(10,20]	(10,20]	(10,20]	(10,20]	(10,20]	(10,20]	(10,20]	(10,20]	(10,20]	(10,20]	(10,20]	(10,20]	(10,20]	(10,20]	(10,20]	(10,20]	(10,20]	(10,20]
298	(10,20]	(10,20]	(10,20]	(10,20]	(10,20]	(10,20]	(10,20]	(10,20]	(10,20]	(10,20]	(10,20]	(10,20]	(10,20]	(10,20]	(10,20]	(10,20]	(10,20]	(10,20]	(10,20]	(10,20]
299	(10,20]	(10,20]	(10,20]	(10,20]	(10,20]	(10,20]	(10,20]	(10,20]	(10,20]	(10,20]	(10,20]	(10,20]	(10,20]	(10,20]	(10,20]	(10,20]	(10,20]	(10,20]	(10,20]	(10,20]
3	*	*	*	*	*	*	*	*	*	*	*	*	*	*	(1,3]	(1,3]	(1,3]	(1,3]	(1,3]	(1,3]
30	(20,100]	(20,100]	(20,100]	(20,100]	(20,100]	(20,100]	(20,100]	(20,100]	(20,100]	(20,100]	(20,100]	(20,100]	(20,100]	(20,100]	(20,100]	(20,100]	(20,100]	(20,100]	(20,100]	(20,100]
300	(10,20]	(10,20]	(10,20]	(10,20]	(10,20]	(10,20]	(10,20]	(10,20]	(10,20]	(10,20]	(10,20]	(10,20]	(10,20]	(10,20]	(10,20]	(10,20]	(10,20]	(10,20]	(10,20]	(10,20]
301	(10,20]	(10,20]	(10,20]	(10,20]	(10,20]	(10,20]	(10,20]	(10,20]	(10,20]	(10,20]	(10,20]	(10,20]	(10,20]	(10,20]	(10,20]	(10,20]	(10,20]	(10,20]	(10,20]	(10,20]
303	(5,10]	(5,10]	(3,5]	(3,5]	(3,5]	(3,5]	(3,5]	(3,5]	(3,5]	(3,5]	(3,5]	(3,5]	(3,5]	(3,5]	(3,5]	(3,5]	(3,5]	(3,5]	(3,5]	(3,5]
304	(5,10]	(5,10]	(5,10]	(5,10]	(5,10]	(3,5]	(3,5]	(3,5]	(3,5]	(3,5]	(3,5]	(3,5]	(3,5]	(3,5]	(3,5]	(3,5]	(3,5]	(3,5]	(3,5]	(3,5]
306	(10,20]	(10,20]	(10,20]	(10,20]	(10,20]	(10,20]	(10,20]	(10,20]	(10,20]	(10,20]	(10,20]	(10,20]	(10,20]	(10,20]	(10,20]	(10,20]	(10,20]	(10,20]	(10,20]	(10,20]
309	*	*	*	*	*	*	*	*	(5,10]	(5,10]	(5,10]	(5,10]	(5,10]	(5,10]	(5,10]	(5,10]	(5,10]	(5,10]	(5,10]	(5,10]
31	(5,10]	(5,10]	(5,10]	(5,10]	(5,10]	(5,10]	(5,10]	(5,10]	(5,10]	(5,10]	(5,10]	(5,10]	(5,10]	(5,10]	(5,10]	(5,10]	(5,10]	(5,10]	(5,10]	(5,10]
310	(3,5]	(3,5]	(3,5]	(3,5]	(5,10]	(5,10]	(5,10]	(5,10]	(5,10]	(5,10]	(3,5]	(3,5]	(3,5]	(3,5]	(3,5]	(3,5]	(3,5]	(3,5]	(3,5]	(3,5]
311	*	*	*	*	*	*	*	*	*	*	*	*	*	*	*	*	*	*	*	(20,100]
312	(5,10]	(5,10]	(5,10]	(5,10]	(5,10]	(5,10]	(5,10]	(5,10]	(5,10]	(5,10]	(5,10]	(5,10]	(5,10]	(5,10]	(5,10]	(5,10]	(5,10]	(5,10]	(5,10]	(5,10]
315	(5,10]	(5,10]	(5,10]	(5,10]	(5,10]	(5,10]	(5,10]	(5,10]	(5,10]	(5,10]	(5,10]	(5,10]	(5,10]	(5,10]	(5,10]	(5,10]	(5,10]	(5,10]	(5,10]	(5,10]
317	(3,5]	(3,5]	(3,5]	(3,5]	(3,5]	(3,5]	(3,5]	(3,5]	(3,5]	(3,5]	(3,5]	(3,5]	(3,5]	(3,5]	(3,5]	(3,5]	(3,5]	(3,5]	(3,5]	(3,5]
319	*	*	*	*	*	(10,20]	(10,20]	(10,20]	(10,20]	(10,20]	(10,20]	(10,20]	(10,20]	(10,20]	(10,20]	(10,20]	(10,20]	(10,20]	(10,20]	(10,20]
32	*	*	*	*	*	*	*	*	*	*	*	*	*	*	*	*	*	*	*	(10,20]
320	*	*	*	*	(10,20]	(10,20]	(10,20]	(10,20]	(10,20]	(10,20]	(10,20]	(10,20]	(10,20]	(20,100]	(20,100]	(20,100]	(20,100]	(20,100]	(20,100]	(20,100]
321	(10,20]	(10,20]	(10,20]	(10,20]	(10,20]	(10,20]	(10,20]	(10,20]	(10,20]	(10,20]	(10,20]	(10,20]	(10,20]	(10,20]	%	%	%	%	%	%
322	(10,20]	(10,20]	(10,20]	(10,20]	(10,20]	(10,20]	(10,20]	(10,20]	(10,20]	(10,20]	(10,20]	(10,20]	(10,20]	(10,20]	(10,20]	(10,20]	(10,20]	(10,20]	(10,20]	(10,20]
324	(5,10]	(5,10]	(5,10]	(5,10]	(1,3]	(1,3]	(1,3]	(1,3]	(1,3]	(1,3]	(1,3]	(1,3]	(1,3]	(1,3]	(1,3]	(1,3]	(1,3]	(1,3]	(1,3]	(1,3]
325	(3,5]	(3,5]	(3,5]	(3,5]	(3,5]	(3,5]	(3,5]	(3,5]	(3,5]	(3,5]	(3,5]	(3,5]	(3,5]	(3,5]	(3,5]	(3,5]	(3,5]	(3,5]	(3,5]	(3,5]
326	*	*	*	(20,100]	(20,100]	(20,100]	(20,100]	(20,100]	(20,100]	(20,100]	(20,100]	(20,100]	(20,100]	(20,100]	(20,100]	(20,100]	(20,100]	(20,100]	(20,100]	(20,100]
328	(1,3]	(1,3]	(1,3]	(1,3]	(1,3]	(1,3]	(1,3]	(1,3]	(1,3]	(1,3]	(1,3]	(1,3]	(1,3]	(1,3]	(1,3]	(1,3]	(1,3]	(1,3]	(1,3]	(1,3]
329	(3,5]	(3,5]	(3,5]	(3,5]	(3,5]	(3,5]	(3,5]	(3,5]	(3,5]	(3,5]	(3,5]	(3,5]	(3,5]	(3,5]	(3,5]	(3,5]	(3,5]	(3,5]	(3,5]	(3,5]
33	(1,3]	(1,3]	(1,3]	(1,3]	(1,3]	(1,3]	(1,3]	(1,3]	(1,3]	(1,3]	(1,3]	(3,5]	(3,5]	(3,5]	(3,5]	(3,5]	(3,5]	(3,5]	(3,5]	(3,5]
330	(5,10]	(5,10]	(5,10]	(5,10]	(5,10]	(5,10]	(5,10]	[0,1]	[0,1]	[0,1]	[0,1]	[0,1]	[0,1]	[0,1]	[0,1]	[0,1]	[0,1]	[0,1]	[0,1]	[0,1]
332	(5,10]	(5,10]	(5,10]	(5,10]	(5,10]	(5,10]	(5,10]	(5,10]	(5,10]	(5,10]	(5,10]	(5,10]	(5,10]	(5,10]	%	%	%	%	%	%
335	(10,20]	(10,20]	(10,20]	(10,20]	(10,20]	(10,20]	(10,20]	(10,20]	(10,20]	(10,20]	(10,20]	(10,20]	(10,20]	(10,20]	(10,20]	(10,20]	(10,20]	(10,20]	(10,20]	(10,20]
336	*	*	*	*	*	*	*	*	*	*	*	*	*	(20,100]	(20,100]	(20,100]	(20,100]	(20,100]	(20,100]	(20,100]
338	(3,5]	(3,5]	(3,5]	(3,5]	(3,5]	(3,5]	(3,5]	(3,5]	(3,5]	(3,5]	(3,5]	(3,5]	(3,5]	(3,5]	(3,5]	(3,5]	(3,5]	(3,5]	(3,5]	(3,5]
339	(10,20]	(10,20]	(10,20]	(10,20]	(10,20]	(10,20]	(10,20]	(10,20]	(10,20]	(10,20]	(10,20]	(10,20]	(10,20]	(10,20]	(10,20]	(10,20]	(10,20]	(10,20]	(10,20]	(10,20]
34	(1,3]	(1,3]	(1,3]	(1,3]	(1,3]	(1,3]	(1,3]	(1,3]	(1,3]	(1,3]	(1,3]	(1,3]	(1,3]	(1,3]	(1,3]	(1,3]	(1,3]	(1,3]	(1,3]	(1,3]
340	*	*	*	*	*	*	*	(1,3]	(1,3]	(1,3]	(1,3]	[0,1]	[0,1]	[0,1]	[0,1]	[0,1]	[0,1]	[0,1]	[0,1]	[0,1]
341	[0,1]	[0,1]	[0,1]	[0,1]	[0,1]	[0,1]	[0,1]	[0,1]	[0,1]	[0,1]	[0,1]	[0,1]	[0,1]	[0,1]	[0,1]	[0,1]	[0,1]	[0,1]	[0,1]	[0,1]
343	*	*	*	*	*	*	*	*	*	(10,20]	(10,20]	(10,20]	(10,20]	(10,20]	(10,20]	(10,20]	(10,20]	(10,20]	(10,20]	%
344	(3,5]	(3,5]	(3,5]	(3,5]	(3,5]	(3,5]	(3,5]	(3,5]	(3,5]	(3,5]	(3,5]	(1,3]	(1,3]	(1,3]	(1,3]	(1,3]	(1,3]	(1,3]	(1,3]	(1,3]
345	*	*	*	*	*	*	*	*	*	*	*	*	*	*	*	*	*	(1,3]	(1,3]	(1,3]
346	(1,3]	(1,3]	(1,3]	(1,3]	(1,3]	(1,3]	(1,3]	*	*	*	*	*	(5,10]	(5,10]	(5,10]	(5,10]	(5,10]	(5,10]	(5,10]	(5,10]
348	(3,5]	(3,5]	(3,5]	(3,5]	(3,5]	(3,5]	(3,5]	(3,5]	(3,5]	(3,5]	(3,5]	(3,5]	(3,5]	(3,5]	(3,5]	(3,5]	(3,5]	(3,5]	(3,5]	(3,5]
35	*	*	*	*	*	*	*	(1,3]	(1,3]	(1,3]	(1,3]	(1,3]	(1,3]	(1,3]	(1,3]	(1,3]	(1,3]	(1,3]	(1,3]	(1,3]
350	(10,20]	(10,20]	(5,10]	(5,10]	(5,10]	(5,10]	(5,10]	(5,10]	(5,10]	(5,10]	(5,10]	(5,10]	(5,10]	(5,10]	(5,10]	(5,10]	(5,10]	(5,10]	(5,10]	(5,10]
36	(20,100]	(20,100]	(20,100]	(20,100]	(20,100]	(20,100]	(20,100]	(20,100]	(20,100]	(20,100]	(20,100]	(20,100]	(20,100]	(20,100]	(20,100]	(20,100]	(20,100]	(20,100]	(20,100]	(20,100]
38	(1,3]	(1,3]	(1,3]	(1,3]	(1,3]	(1,3]	(1,3]	(1,3]	(1,3]	(1,3]	(1,3]	(1,3]	(1,3]	(1,3]	(1,3]	(1,3]	(1,3]	(1,3]	(1,3]	(1,3]
39	(1,3]	(1,3]	(1,3]	(1,3]	(1,3]	(1,3]	(5,10]	(5,10]	(5,10]	(1,3]	(1,3]	(1,3]	(1,3]	(1,3]	(1,3]	(1,3]	(1,3]	(1,3]	(1,3]	(1,3]
40	(1,3]	(1,3]	(1,3]	(1,3]	(1,3]	(1,3]	(1,3]	(3,5]	(3,5]	(3,5]	(3,5]	(3,5]	(3,5]	(3,5]	(3,5]	(3,5]	(3,5]	(3,5]	(3,5]	(3,5]
42	(10,20]	(10,20]	(10,20]	(10,20]	(10,20]	(10,20]	(10,20]	(10,20]	(10,20]	(10,20]	(10,20]	(10,20]	(10,20]	(10,20]	(10,20]	(10,20]	(10,20]	(10,20]	(10,20]	(10,20]
43	*	*	*	*	(10,20]	(10,20]	(10,20]	(10,20]	(10,20]	(10,20]	%	%	%	%	%	%	%	%	%	%
44	*	*	*	*	*	(10,20]	(10,20]	(10,20]	(10,20]	(10,20]	(10,20]	(10,20]	(10,20]	(10,20]	(10,20]	(10,20]	(10,20]	(10,20]	(10,20]	(10,20]
45	(5,10]	(5,10]	(3,5]	(3,5]	(3,5]	(3,5]	(3,5]	(3,5]	(3,5]	(3,5]	(3,5]	(3,5]	(3,5]	(3,5]	(3,5]	(3,5]	(3,5]	(3,5]	(3,5]	(3,5]
47	(5,10]	(5,10]	(5,10]	(5,10]	(5,10]	(5,10]	(5,10]	(5,10]	(5,10]	(5,10]	(5,10]	(5,10]	(5,10]	(5,10]	(5,10]	(5,10]	(5,10]	(5,10]	(5,10]	(5,10]
48	(10,20]	(10,20]	(10,20]	(10,20]	(10,20]	(10,20]	(10,20]	(10,20]	(10,20]	(10,20]	(10,20]	(10,20]	(10,20]	(10,20]	(10,20]	(10,20]	(10,20]	(10,20]	(10,20]	(10,20]
49	*	*	*	*	*	*	*	*	*	*	*	*	*	*	*	*	*	(5,10]	(5,10]	(5,10]
50	*	*	*	*	*	*	*	*	*	*	*	*	*	*	*	(3,5]	(3,5]	(3,5]	(3,5]	(3,5]
51	*	*	*	*	*	*	(5,10]	(5,10]	(5,10]	(5,10]	(5,10]	(5,10]	(5,10]	(5,10]	(5,10]	(5,10]	(5,10]	(5,10]	(5,10]	(5,10]
52	(5,10]	(5,10]	(5,10]	(5,10]	(5,10]	(5,10]	(5,10]	(5,10]	(5,10]	(5,10]	(5,10]	(5,10]	(5,10]	(5,10]	(5,10]	(5,10]	(5,10]	(5,10]	(5,10]	(5,10]
53	(10,20]	(10,20]	(10,20]	(10,20]	(10,20]	(10,20]	(10,20]	(10,20]	(10,20]	(10,20]	(10,20]	(10,20]	(10,20]	(10,20]	(10,20]	(10,20]	(10,20]	(10,20]	(10,20]	(10,20]
54	(10,20]	(10,20]	(10,20]	(10,20]	(10,20]	(10,20]	(10,20]	(10,20]	(10,20]	(10,20]	(10,20]	(10,20]	(10,20]	(10,20]	(10,20]	(10,20]	(10,20]	(10,20]	(10,20]	%
55	(10,20]	(10,20]	(10,20]	(10,20]	(10,20]	(10,20]	(10,20]	(10,20]	(10,20]	(10,20]	(10,20]	(10,20]	(10,20]	(10,20]	(10,20]	(10,20]	(10,20]	(10,20]	(10,20]	(10,20]
56	(20,100]	(20,100]	(20,100]	(20,100]	(20,100]	(20,100]	(20,100]	(20,100]	(20,100]	(20,100]	(20,100]	(20,100]	(20,100]	(20,100]	(20,100]	(20,100]	(20,100]	(20,100]	(20,100]	(20,100]
57	*	*	*	(1,3]	(1,3]	(1,3]	(1,3]	(1,3]	(1,3]	(1,3]	(1,3]	(1,3]	(1,3]	(1,3]	(1,3]	(1,3]	(1,3]	(1,3]	(1,3]	(1,3]
58	(5,10]	(5,10]	(5,10]	(5,10]	(20,100]	(20,100]	(20,100]	(20,100]	(20,100]	(20,100]	(20,100]	(20,100]	(20,100]	(20,100]	(20,100]	(20,100]	(20,100]	(20,100]	(20,100]	(20,100]
59	*	*	*	*	*	*	*	*	(3,5]	(3,5]	(3,5]	(3,5]	(3,5]	(3,5]	(3,5]	(3,5]	%	%	%	%
60	*	*	*	*	*	*	*	*	*	*	*	(3,5]	(3,5]	(3,5]	(3,5]	(3,5]	(3,5]	(3,5]	(3,5]	(3,5]
61	(20,100]	(20,100]	(20,100]	(20,100]	(20,100]	(20,100]	(20,100]	(20,100]	(20,100]	(20,100]	(20,100]	(20,100]	(20,100]	(20,100]	(20,100]	(20,100]	(20,100]	(20,100]	(20,100]	(20,100]
62	[0,1]	[0,1]	[0,1]	[0,1]	[0,1]	[0,1]	[0,1]	[0,1]	[0,1]	[0,1]	[0,1]	[0,1]	[0,1]	[0,1]	[0,1]	[0,1]	[0,1]	[0,1]	[0,1]	[0,1]
63	*	*	*	*	*	*	*	*	*	*	*	*	*	*	*	*	*	(10,20]	(10,20]	(10,20]
64	*	*	*	*	*	*	(1,3]	(1,3]	(1,3]	(1,3]	(1,3]	(1,3]	(1,3]	(1,3]	(1,3]	(1,3]	(1,3]	(1,3]	(1,3]	(1,3]
69	*	*	*	*	*	*	*	*	*	*	*	*	*	*	*	*	(10,20]	(10,20]	(10,20]	(10,20]
7	*	*	*	(20,100]	(20,100]	(20,100]	(20,100]	(20,100]	(20,100]	(20,100]	(20,100]	(20,100]	(20,100]	(20,100]	(20,100]	(20,100]	(20,100]	(20,100]	(20,100]	(20,100]
72	*	*	*	*	*	*	*	*	*	*	*	*	*	*	*	(5,10]	(5,10]	(5,10]	(5,10]	(5,10]
73	(1,3]	(1,3]	(1,3]	(1,3]	(1,3]	(1,3]	(1,3]	(1,3]	(1,3]	(1,3]	(1,3]	(1,3]	(1,3]	(1,3]	(1,3]	(1,3]	(1,3]	(1,3]	(1,3]	(1,3]
74	(20,100]	(20,100]	(20,100]	(20,100]	(20,100]	(20,100]	(20,100]	(20,100]	(20,100]	(20,100]	(20,100]	(20,100]	(20,100]	(20,100]	(20,100]	(20,100]	(20,100]	(20,100]	(20,100]	(20,100]
75	(10,20]	(10,20]	(10,20]	(10,20]	(10,20]	(10,20]	(10,20]	(10,20]	(10,20]	(10,20]	(10,20]	(10,20]	(10,20]	(10,20]	(10,20]	(10,20]	(10,20]	(10,20]	(10,20]	(10,20]
76	(5,10]	(5,10]	(3,5]	(3,5]	(3,5]	(3,5]	(3,5]	(3,5]	(5,10]	(5,10]	(5,10]	(5,10]	(5,10]	(5,10]	(5,10]	(5,10]	(5,10]	(5,10]	(5,10]	(5,10]
79	(5,10]	(5,10]	(5,10]	(5,10]	(5,10]	(5,10]	(5,10]	(5,10]	(5,10]	(5,10]	(5,10]	(5,10]	(5,10]	(5,10]	(5,10]	(5,10]	(5,10]	(5,10]	(5,10]	(5,10]
8	*	*	*	*	*	*	*	*	(3,5]	(3,5]	(3,5]	(3,5]	(3,5]	(10,20]	(10,20]	(10,20]	(10,20]	(10,20]	(10,20]	(10,20]
80	(20,100]	(20,100]	(20,100]	(20,100]	(20,100]	(20,100]	(20,100]	(20,100]	(20,100]	(20,100]	(20,100]	(20,100]	(20,100]	(20,100]	(20,100]	(20,100]	(20,100]	(20,100]	(20,100]	(20,100]
81	*	*	*	(10,20]	(10,20]	(10,20]	(10,20]	(10,20]	(10,20]	(10,20]	(10,20]	(10,20]	(10,20]	(10,20]	(10,20]	(10,20]	(10,20]	(10,20]	(10,20]	(10,20]
82	*	*	*	*	(10,20]	(10,20]	(10,20]	(10,20]	(10,20]	(10,20]	(10,20]	(10,20]	(10,20]	(10,20]	(10,20]	(10,20]	(10,20]	(10,20]	(10,20]	(10,20]
83	*	*	*	*	*	*	*	*	*	*	*	*	*	*	*	*	*	(5,10]	(5,10]	(5,10]
85	(5,10]	(5,10]	(5,10]	(5,10]	(5,10]	(5,10]	(5,10]	(5,10]	(5,10]	(5,10]	(5,10]	(5,10]	(5,10]	(5,10]	(5,10]	(5,10]	(5,10]	(5,10]	(5,10]	(5,10]
86	*	*	*	*	*	*	*	*	*	*	*	*	*	*	*	*	*	(3,5]	(3,5]	(3,5]
88	(10,20]	(10,20]	(10,20]	(10,20]	(10,20]	(10,20]	(10,20]	(10,20]	(10,20]	(10,20]	(10,20]	(10,20]	(10,20]	(10,20]	(10,20]	(10,20]	(10,20]	(10,20]	(10,20]	(10,20]
9	(5,10]	(5,10]	(5,10]	(5,10]	(5,10]	(5,10]	(5,10]	(5,10]	(5,10]	(5,10]	(5,10]	(5,10]	(5,10]	(5,10]	(5,10]	(5,10]	(5,10]	(5,10]	(5,10]	(5,10]
90	*	*	*	(1,3]	(1,3]	(1,3]	(1,3]	(3,5]	(3,5]	(3,5]	(3,5]	(3,5]	(5,10]	(5,10]	(5,10]	(5,10]	(5,10]	(5,10]	(5,10]	(5,10]
91	*	*	*	(10,20]	(10,20]	(10,20]	(10,20]	(10,20]	(10,20]	(10,20]	(10,20]	(10,20]	(10,20]	(10,20]	(10,20]	(10,20]	(10,20]	(10,20]	(10,20]	(10,20]
94	(3,5]	(3,5]	(3,5]	(3,5]	(3,5]	(3,5]	(3,5]	(3,5]	(3,5]	(3,5]	(3,5]	(3,5]	(3,5]	(3,5]	(3,5]	(3,5]	(3,5]	(3,5]	(3,5]	(3,5]
95	(1,3]	(1,3]	(1,3]	(1,3]	(1,3]	(1,3]	(1,3]	(1,3]	*	*	*	*	(20,100]	(20,100]	(20,100]	(20,100]	(20,100]	(20,100]	(20,100]	(20,100]
96	(3,5]	(3,5]	(3,5]	(3,5]	(3,5]	(3,5]	(3,5]	(3,5]	(3,5]	(3,5]	(3,5]	(3,5]	(3,5]	(3,5]	(3,5]	(3,5]	(3,5]	(3,5]	(3,5]	(3,5]
97	*	*	*	*	*	*	*	*	*	*	*	*	(1,3]	(1,3]	(1,3]	(1,3]	(1,3]	(5,10]	(5,10]	(5,10]
98	(1,3]	(1,3]	(1,3]	(1,3]	(1,3]	(1,3]	(1,3]	(1,3]	(1,3]	(1,3]	(1,3]	(1,3]	(1,3]	(1,3]	(1,3]	(1,3]	(1,3]	(1,3]	(1,3]	(1,3]
