1	(3,5]	(3,5]	(3,5]	(3,5]	(3,5]	(3,5]	(3,5]	(3,5]	(3,5]	(3,5]	(3,5]	(3,5]	(3,5]	(3,5]	(3,5]	(3,5]	(3,5]	(3,5]	(3,5]	(3,5]
10	(3,5]	(3,5]	(3,5]	(3,5]	(3,5]	(3,5]	(3,5]	(3,5]	(3,5]	(3,5]	(3,5]	(3,5]	(3,5]	(3,5]	(3,5]	(3,5]	(3,5]	(3,5]	(3,5]	(3,5]
100	*	*	*	*	*	*	*	*	*	*	(3,5]	(3,5]	(3,5]	(3,5]	[0,1]	[0,1]	[0,1]	[0,1]	[0,1]	[0,1]
101	(1,3]	(1,3]	(1,3]	(1,3]	(1,3]	(1,3]	(1,3]	(1,3]	(1,3]	(1,3]	(1,3]	(1,3]	(1,3]	(1,3]	(1,3]	(1,3]	(1,3]	(1,3]	(1,3]	(1,3]
102	(1,3]	(1,3]	(1,3]	(1,3]	(1,3]	(1,3]	(1,3]	(1,3]	(1,3]	(1,3]	(1,3]	(1,3]	(1,3]	(1,3]	(1,3]	(1,3]	(1,3]	(1,3]	(1,3]	(1,3]
103	(5,10]	(5,10]	(5,10]	(5,10]	(5,10]	(5,10]	(5,10]	(5,10]	(5,10]	(5,10]	(5,10]	(5,10]	(5,10]	(5,10]	(5,10]	(5,10]	(5,10]	(5,10]	(5,10]	(5,10]
104	(1,3]	(1,3]	(1,3]	(1,3]	(1,3]	(1,3]	(1,3]	(1,3]	(1,3]	(1,3]	(1,3]	(1,3]	(1,3]	(1,3]	(1,3]	(1,3]	(1,3]	(1,3]	(1,3]	(1,3]
105	(3,5]	(3,5]	(3,5]	(3,5]	(3,5]	(3,5]	(3,5]	(3,5]	(3,5]	(3,5]	(3,5]	(3,5]	(3,5]	(3,5]	(3,5]	(3,5]	(3,5]	(3,5]	(3,5]	(3,5]
106	(5,10]	(5,10]	(3,5]	(3,5]	(3,5]	(3,5]	(3,5]	(1,3]	(1,3]	(1,3]	(1,3]	(1,3]	(1,3]	(1,3]	(1,3]	(1,3]	(1,3]	(1,3]	(1,3]	(1,3]
107	(1,3]	(1,3]	(1,3]	(1,3]	(1,3]	[0,1]	[0,1]	[0,1]	[0,1]	[0,1]	[0,1]	[0,1]	[0,1]	[0,1]	[0,1]	[0,1]	[0,1]	[0,1]	[0,1]	[0,1]
108	(3,5]	(3,5]	(3,5]	(3,5]	%	%	%	%	%	%	%	%	%	%	%	%	%	%	%	%
109	*	*	*	*	*	*	(1,3]	(1,3]	(1,3]	(1,3]	(1,3]	(1,3]	(1,3]	(1,3]	(1,3]	(1,3]	(1,3]	(1,3]	(1,3]	(1,3]
11	*	*	*	*	*	*	(1,3]	(1,3]	(1,3]	(1,3]	(1,3]	(1,3]	(1,3]	(1,3]	(1,3]	(1,3]	(1,3]	(1,3]	(1,3]	(1,3]
110	*	(3,5]	(3,5]	(3,5]	(3,5]	(3,5]	(3,5]	(3,5]	(1,3]	(1,3]	(1,3]	(1,3]	(1,3]	(1,3]	(1,3]	(1,3]	(1,3]	(1,3]	(1,3]	(1,3]
113	(1,3]	(1,3]	(1,3]	(1,3]	(1,3]	(1,3]	(1,3]	(1,3]	(1,3]	(1,3]	(1,3]	(1,3]	(1,3]	(1,3]	(1,3]	(1,3]	(1,3]	(1,3]	(1,3]	(1,3]
114	(1,3]	(1,3]	(1,3]	(1,3]	(1,3]	(1,3]	(1,3]	(1,3]	%	%	%	%	%	%	%	%	%	%	%	%
115	[0,1]	[0,1]	[0,1]	[0,1]	[0,1]	(1,3]	(1,3]	(1,3]	(1,3]	(1,3]	(1,3]	(1,3]	(1,3]	(1,3]	(1,3]	(1,3]	(1,3]	(1,3]	(1,3]	(1,3]
117	(1,3]	(1,3]	(1,3]	(1,3]	(1,3]	(1,3]	(1,3]	(1,3]	(1,3]	(1,3]	%	%	%	%	%	%	%	%	%	%
12	[0,1]	[0,1]	[0,1]	[0,1]	[0,1]	[0,1]	[0,1]	[0,1]	[0,1]	[0,1]	[0,1]	[0,1]	[0,1]	[0,1]	[0,1]	[0,1]	(3,5]	(3,5]	(3,5]	(3,5]
120	(1,3]	(1,3]	(1,3]	(1,3]	(1,3]	(1,3]	(1,3]	(1,3]	(1,3]	(1,3]	(1,3]	(1,3]	(1,3]	(1,3]	(1,3]	(1,3]	(1,3]	(1,3]	(1,3]	(1,3]
121	*	*	*	*	*	*	*	*	*	*	[0,1]	[0,1]	[0,1]	[0,1]	[0,1]	[0,1]	[0,1]	[0,1]	[0,1]	[0,1]
122	(1,3]	(1,3]	(1,3]	(1,3]	(1,3]	(1,3]	(1,3]	(1,3]	(1,3]	(1,3]	(1,3]	(1,3]	(1,3]	(1,3]	(1,3]	(5,10]	(5,10]	(5,10]	(5,10]	(5,10]
124	(1,3]	(1,3]	(1,3]	(1,3]	(1,3]	(1,3]	(1,3]	(1,3]	(1,3]	(1,3]	(3,5]	(3,5]	(3,5]	(3,5]	(3,5]	(3,5]	(3,5]	(3,5]	(3,5]	(3,5]
125	(1,3]	(1,3]	(1,3]	(1,3]	(1,3]	(1,3]	(1,3]	(1,3]	(1,3]	(1,3]	(1,3]	(1,3]	(1,3]	(1,3]	(1,3]	(1,3]	(1,3]	(1,3]	(1,3]	(1,3]
126	(1,3]	(1,3]	(1,3]	(1,3]	(1,3]	(1,3]	(1,3]	(1,3]	(1,3]	(1,3]	(1,3]	(1,3]	(1,3]	(1,3]	(1,3]	(1,3]	(1,3]	(1,3]	(1,3]	(1,3]
130	*	*	*	*	*	*	*	*	*	*	*	*	*	*	*	*	*	(1,3]	(1,3]	(1,3]
131	*	*	*	(1,3]	(1,3]	(1,3]	(1,3]	(1,3]	(1,3]	(1,3]	(1,3]	(1,3]	(1,3]	(1,3]	(1,3]	(1,3]	(1,3]	(1,3]	(1,3]	(1,3]
133	(5,10]	(5,10]	(5,10]	(5,10]	(5,10]	(3,5]	(3,5]	(3,5]	(3,5]	(3,5]	(3,5]	(3,5]	(3,5]	(3,5]	(3,5]	(3,5]	(3,5]	(3,5]	(3,5]	(3,5]
137	(3,5]	(3,5]	(3,5]	(3,5]	(3,5]	(3,5]	(3,5]	(3,5]	(3,5]	(3,5]	(3,5]	(3,5]	(3,5]	(3,5]	(3,5]	(3,5]	(3,5]	(3,5]	(3,5]	(3,5]
139	[0,1]	[0,1]	(1,3]	(1,3]	(1,3]	(1,3]	(1,3]	(1,3]	(1,3]	(1,3]	(1,3]	(1,3]	(1,3]	(1,3]	(1,3]	(1,3]	(1,3]	(1,3]	(1,3]	(1,3]
14	*	(1,3]	(1,3]	(1,3]	(3,5]	(3,5]	(3,5]	(3,5]	(3,5]	(3,5]	(3,5]	(3,5]	(3,5]	(3,5]	(3,5]	(3,5]	(3,5]	(3,5]	(3,5]	(3,5]
140	[0,1]	[0,1]	[0,1]	[0,1]	[0,1]	[0,1]	[0,1]	[0,1]	(1,3]	(1,3]	(1,3]	(1,3]	(1,3]	(1,3]	(1,3]	(1,3]	(1,3]	(1,3]	(1,3]	(1,3]
142	[0,1]	[0,1]	[0,1]	[0,1]	[0,1]	[0,1]	[0,1]	[0,1]	[0,1]	[0,1]	[0,1]	[0,1]	(1,3]	(1,3]	(1,3]	(1,3]	(1,3]	(1,3]	(1,3]	(1,3]
144	*	*	*	*	*	*	*	*	*	*	*	*	*	*	*	*	(3,5]	(3,5]	(3,5]	(3,5]
145	(1,3]	(1,3]	(1,3]	(1,3]	(1,3]	(1,3]	(1,3]	(1,3]	(1,3]	(1,3]	(1,3]	(1,3]	(1,3]	(1,3]	(1,3]	(1,3]	(1,3]	(1,3]	(1,3]	(1,3]
147	(1,3]	(1,3]	(1,3]	(1,3]	(1,3]	(1,3]	(1,3]	(1,3]	(1,3]	(1,3]	(1,3]	(1,3]	(1,3]	(1,3]	(1,3]	(1,3]	(1,3]	(1,3]	(1,3]	(1,3]
148	(3,5]	(3,5]	(3,5]	(3,5]	(3,5]	(3,5]	(3,5]	(3,5]	(3,5]	(3,5]	(3,5]	(3,5]	(3,5]	(3,5]	(3,5]	(3,5]	(3,5]	(3,5]	(3,5]	(1,3]
149	*	*	*	*	*	*	*	*	*	*	*	*	[0,1]	[0,1]	[0,1]	[0,1]	[0,1]	[0,1]	[0,1]	[0,1]
15	*	*	*	*	(1,3]	(1,3]	(3,5]	(3,5]	(3,5]	(3,5]	(3,5]	(3,5]	(3,5]	(3,5]	(3,5]	(3,5]	(3,5]	(3,5]	(3,5]	(3,5]
150	*	*	*	*	*	*	(1,3]	(1,3]	(1,3]	(1,3]	*	*	*	*	*	(1,3]	(1,3]	(1,3]	(1,3]	(1,3]
151	[0,1]	[0,1]	[0,1]	[0,1]	[0,1]	[0,1]	[0,1]	[0,1]	[0,1]	[0,1]	[0,1]	[0,1]	[0,1]	[0,1]	[0,1]	[0,1]	[0,1]	[0,1]	[0,1]	[0,1]
155	(3,5]	(3,5]	(3,5]	(3,5]	(3,5]	(3,5]	(3,5]	(3,5]	%	%	%	%	%	%	%	%	%	%	%	%
156	*	*	(3,5]	(3,5]	(3,5]	(3,5]	(3,5]	(3,5]	(3,5]	(3,5]	(3,5]	(3,5]	(3,5]	(3,5]	(3,5]	(3,5]	(3,5]	(3,5]	(3,5]	(3,5]
157	[0,1]	[0,1]	[0,1]	[0,1]	[0,1]	[0,1]	[0,1]	[0,1]	[0,1]	[0,1]	[0,1]	[0,1]	[0,1]	[0,1]	[0,1]	[0,1]	[0,1]	[0,1]	[0,1]	[0,1]
158	(1,3]	(1,3]	(1,3]	(1,3]	(1,3]	(1,3]	(1,3]	(1,3]	(1,3]	(1,3]	(1,3]	(1,3]	(1,3]	(1,3]	(1,3]	(1,3]	(1,3]	(1,3]	(1,3]	(1,3]
16	(1,3]	(1,3]	(1,3]	(1,3]	(1,3]	(1,3]	(1,3]	(1,3]	(1,3]	(1,3]	(1,3]	(1,3]	(1,3]	(1,3]	(1,3]	(1,3]	(1,3]	(1,3]	(1,3]	(1,3]
160	(1,3]	(1,3]	(1,3]	(1,3]	(1,3]	(1,3]	(1,3]	(1,3]	(1,3]	(1,3]	(1,3]	(1,3]	(1,3]	(1,3]	(1,3]	(1,3]	(1,3]	(1,3]	(1,3]	(1,3]
161	(1,3]	(1,3]	(1,3]	(1,3]	(1,3]	(1,3]	(1,3]	(1,3]	(1,3]	(1,3]	(1,3]	(1,3]	(1,3]	(1,3]	(1,3]	(1,3]	(1,3]	(1,3]	(1,3]	(1,3]
162	(20,100]	(20,100]	(20,100]	(20,100]	(20,100]	(20,100]	(1,3]	(1,3]	(1,3]	(1,3]	(1,3]	(1,3]	(1,3]	(1,3]	(1,3]	(1,3]	(1,3]	(1,3]	(1,3]	(1,3]
163	*	*	*	*	*	*	*	*	*	(1,3]	(1,3]	(1,3]	(1,3]	(3,5]	(1,3]	(1,3]	(1,3]	(1,3]	(1,3]	(1,3]
164	(1,3]	(1,3]	(1,3]	(1,3]	(1,3]	(1,3]	(1,3]	(1,3]	(1,3]	(1,3]	(1,3]	(1,3]	(1,3]	(1,3]	(1,3]	(1,3]	(1,3]	(1,3]	(1,3]	(1,3]
166	*	*	*	*	*	*	*	*	*	*	*	*	*	*	*	*	*	*	(3,5]	(3,5]
168	*	*	*	*	*	*	*	*	*	*	*	*	*	*	*	*	*	*	[0,1]	[0,1]
169	[0,1]	[0,1]	[0,1]	[0,1]	[0,1]	[0,1]	[0,1]	[0,1]	[0,1]	[0,1]	[0,1]	[0,1]	[0,1]	[0,1]	[0,1]	[0,1]	[0,1]	%	%	%
17	(1,3]	(1,3]	(1,3]	(1,3]	(1,3]	(1,3]	(1,3]	(1,3]	(1,3]	(1,3]	(1,3]	(1,3]	(3,5]	(3,5]	(3,5]	(3,5]	(3,5]	(3,5]	(3,5]	(3,5]
170	*	*	*	*	(1,3]	(1,3]	(1,3]	(1,3]	(1,3]	(1,3]	(1,3]	(1,3]	(1,3]	(1,3]	(1,3]	(1,3]	(1,3]	(1,3]	(1,3]	(1,3]
172	(1,3]	(1,3]	(1,3]	(1,3]	(1,3]	(1,3]	(1,3]	(1,3]	(1,3]	(1,3]	(1,3]	(1,3]	(1,3]	(1,3]	(1,3]	(1,3]	(1,3]	(1,3]	(1,3]	(1,3]
173	*	*	*	*	*	*	*	*	*	*	*	*	*	*	*	*	*	(1,3]	(1,3]	(1,3]
174	*	*	*	*	*	*	*	*	*	*	*	*	*	(5,10]	(5,10]	(5,10]	(5,10]	(5,10]	(5,10]	(5,10]
175	(3,5]	(3,5]	(3,5]	(3,5]	(3,5]	(3,5]	(3,5]	(3,5]	(3,5]	(3,5]	(3,5]	(3,5]	(3,5]	(3,5]	(3,5]	(3,5]	(3,5]	(3,5]	(3,5]	(3,5]
176	*	*	*	*	*	*	*	*	*	*	*	*	*	*	*	*	*	*	*	(1,3]
179	(3,5]	(3,5]	(3,5]	(3,5]	(3,5]	(3,5]	(3,5]	(3,5]	(3,5]	(3,5]	(3,5]	%	%	%	%	%	%	%	%	%
18	*	*	*	*	*	*	(3,5]	(3,5]	(3,5]	(3,5]	(3,5]	(3,5]	(3,5]	(3,5]	(3,5]	(3,5]	(3,5]	(3,5]	(3,5]	(3,5]
180	[0,1]	[0,1]	[0,1]	[0,1]	[0,1]	[0,1]	[0,1]	[0,1]	[0,1]	[0,1]	[0,1]	[0,1]	[0,1]	[0,1]	[0,1]	[0,1]	[0,1]	[0,1]	[0,1]	[0,1]
181	*	*	*	*	*	*	*	*	*	*	*	(5,10]	(1,3]	(1,3]	(3,5]	%	%	%	%	%
183	*	*	*	*	*	*	*	*	*	*	*	*	*	(1,3]	(1,3]	(1,3]	(1,3]	(1,3]	(1,3]	(1,3]
185	*	*	*	*	*	*	*	*	*	*	*	*	*	*	*	*	*	*	[0,1]	[0,1]
187	(3,5]	(3,5]	(3,5]	(3,5]	(5,10]	(5,10]	(5,10]	(5,10]	(5,10]	(5,10]	(5,10]	(5,10]	(5,10]	(5,10]	(5,10]	(5,10]	(5,10]	(5,10]	(5,10]	(5,10]
188	(1,3]	(1,3]	(1,3]	(1,3]	(1,3]	(1,3]	(1,3]	(1,3]	(1,3]	(1,3]	(1,3]	(1,3]	(1,3]	(1,3]	(1,3]	(1,3]	(1,3]	(1,3]	(1,3]	(1,3]
189	*	*	*	*	*	*	*	*	*	*	*	*	*	*	*	*	(1,3]	(1,3]	(1,3]	(1,3]
19	*	*	*	*	*	*	*	*	*	*	*	*	*	*	*	*	(1,3]	(1,3]	(1,3]	(1,3]
190	*	*	(3,5]	(3,5]	(3,5]	(3,5]	(3,5]	(3,5]	(3,5]	(3,5]	(3,5]	(3,5]	(3,5]	(1,3]	(1,3]	(1,3]	(1,3]	(1,3]	(1,3]	(1,3]
191	*	(1,3]	(1,3]	(1,3]	(1,3]	(1,3]	(1,3]	(1,3]	(1,3]	[0,1]	[0,1]	[0,1]	[0,1]	[0,1]	[0,1]	[0,1]	[0,1]	[0,1]	[0,1]	[0,1]
192	(5,10]	(5,10]	(5,10]	(5,10]	(5,10]	(5,10]	(5,10]	(5,10]	(5,10]	(5,10]	(5,10]	(5,10]	(5,10]	(5,10]	(5,10]	(5,10]	(5,10]	(5,10]	(5,10]	(5,10]
194	*	*	*	*	*	*	[0,1]	[0,1]	[0,1]	[0,1]	[0,1]	[0,1]	[0,1]	[0,1]	[0,1]	[0,1]	[0,1]	[0,1]	[0,1]	[0,1]
196	(1,3]	(1,3]	(1,3]	(1,3]	(1,3]	(1,3]	(1,3]	(1,3]	(1,3]	(1,3]	(1,3]	(1,3]	(1,3]	(1,3]	(1,3]	(1,3]	(1,3]	(1,3]	(1,3]	(1,3]
197	*	*	*	*	*	*	*	*	*	*	[0,1]	[0,1]	[0,1]	[0,1]	[0,1]	[0,1]	[0,1]	[0,1]	(1,3]	(1,3]
198	*	*	*	*	*	*	*	*	*	*	*	*	*	*	*	(3,5]	(3,5]	(3,5]	(3,5]	(3,5]
199	*	*	*	*	*	*	*	*	*	*	*	*	*	*	*	*	*	*	*	(1,3]
2	*	*	*	(1,3]	(1,3]	(1,3]	(1,3]	(1,3]	(1,3]	(1,3]	(1,3]	(1,3]	(1,3]	(1,3]	(1,3]	(1,3]	(1,3]	(1,3]	(1,3]	(1,3]
20	*	*	*	*	*	*	*	*	*	*	*	*	*	*	(1,3]	(1,3]	(1,3]	(1,3]	(1,3]	(1,3]
200	(1,3]	(1,3]	(1,3]	(1,3]	(1,3]	(1,3]	(1,3]	(1,3]	(1,3]	(1,3]	(1,3]	(1,3]	(1,3]	(1,3]	[0,1]	[0,1]	[0,1]	[0,1]	[0,1]	[0,1]
202	*	*	*	*	*	*	*	*	*	*	*	*	*	*	*	*	*	(1,3]	(1,3]	(1,3]
203	*	*	*	*	*	*	(1,3]	(1,3]	(1,3]	(1,3]	(1,3]	(1,3]	(1,3]	(1,3]	(1,3]	(1,3]	(1,3]	(1,3]	(1,3]	(1,3]
205	*	*	*	*	*	*	(3,5]	(3,5]	(3,5]	(3,5]	(3,5]	(3,5]	(3,5]	(3,5]	(3,5]	(3,5]	(3,5]	(3,5]	(3,5]	(3,5]
207	*	*	*	*	(3,5]	(3,5]	(3,5]	(3,5]	(3,5]	(3,5]	(3,5]	(3,5]	(3,5]	(3,5]	(3,5]	(3,5]	(3,5]	(3,5]	(3,5]	(3,5]
209	(1,3]	(1,3]	(1,3]	(1,3]	(1,3]	(1,3]	(1,3]	(1,3]	(1,3]	(1,3]	(1,3]	(1,3]	(1,3]	(1,3]	(1,3]	(1,3]	(1,3]	(1,3]	(1,3]	(1,3]
210	*	*	*	*	*	*	(1,3]	(1,3]	(1,3]	(1,3]	(1,3]	(1,3]	(1,3]	(1,3]	(1,3]	(1,3]	(1,3]	(1,3]	(1,3]	(1,3]
211	*	*	*	*	*	(1,3]	(1,3]	(1,3]	(1,3]	(1,3]	(1,3]	(1,3]	(1,3]	(1,3]	(1,3]	(1,3]	(1,3]	(1,3]	(1,3]	(1,3]
212	(1,3]	(1,3]	(1,3]	(1,3]	(1,3]	(1,3]	(1,3]	(1,3]	(1,3]	(1,3]	(1,3]	(1,3]	(1,3]	(1,3]	(1,3]	(1,3]	(1,3]	(1,3]	(1,3]	(1,3]
215	(1,3]	(1,3]	(1,3]	(1,3]	(1,3]	(1,3]	(1,3]	(1,3]	(1,3]	(1,3]	(1,3]	(1,3]	(1,3]	(1,3]	(1,3]	(1,3]	(1,3]	(1,3]	(1,3]	(1,3]
216	(1,3]	(1,3]	(1,3]	(1,3]	(1,3]	(1,3]	(1,3]	(1,3]	(1,3]	(3,5]	(3,5]	(1,3]	(1,3]	(1,3]	(1,3]	(1,3]	(1,3]	(1,3]	(1,3]	(1,3]
217	[0,1]	[0,1]	[0,1]	[0,1]	[0,1]	[0,1]	[0,1]	[0,1]	[0,1]	[0,1]	[0,1]	[0,1]	[0,1]	[0,1]	[0,1]	[0,1]	[0,1]	[0,1]	[0,1]	[0,1]
218	(3,5]	(3,5]	(3,5]	(3,5]	(3,5]	(3,5]	(3,5]	(1,3]	(1,3]	(1,3]	(1,3]	(1,3]	(1,3]	(1,3]	(1,3]	(1,3]	(1,3]	(1,3]	(1,3]	(1,3]
22	*	*	*	*	*	*	*	*	*	*	*	*	*	*	[0,1]	[0,1]	[0,1]	[0,1]	[0,1]	[0,1]
222	*	[0,1]	[0,1]	[0,1]	[0,1]	[0,1]	[0,1]	[0,1]	[0,1]	[0,1]	[0,1]	[0,1]	[0,1]	[0,1]	[0,1]	[0,1]	[0,1]	[0,1]	[0,1]	[0,1]
223	*	(1,3]	(1,3]	(1,3]	(1,3]	(1,3]	(1,3]	(1,3]	(1,3]	(1,3]	(1,3]	(1,3]	(1,3]	(1,3]	(1,3]	(1,3]	(1,3]	(1,3]	(1,3]	(1,3]
224	[0,1]	[0,1]	[0,1]	[0,1]	[0,1]	[0,1]	[0,1]	[0,1]	[0,1]	[0,1]	[0,1]	[0,1]	[0,1]	[0,1]	[0,1]	[0,1]	[0,1]	[0,1]	[0,1]	[0,1]
225	*	*	*	(3,5]	(3,5]	(3,5]	(3,5]	(3,5]	(3,5]	(3,5]	(3,5]	(3,5]	(3,5]	(3,5]	(3,5]	(3,5]	(3,5]	(3,5]	(3,5]	(3,5]
227	(1,3]	(1,3]	(1,3]	(1,3]	(1,3]	(1,3]	(1,3]	(1,3]	(1,3]	(1,3]	(1,3]	(1,3]	(1,3]	(1,3]	(1,3]	(1,3]	(1,3]	(1,3]	(1,3]	(1,3]
228	[0,1]	[0,1]	[0,1]	[0,1]	[0,1]	[0,1]	[0,1]	[0,1]	[0,1]	[0,1]	[0,1]	[0,1]	[0,1]	[0,1]	[0,1]	[0,1]	[0,1]	[0,1]	[0,1]	[0,1]
229	*	*	*	[0,1]	[0,1]	[0,1]	[0,1]	[0,1]	[0,1]	[0,1]	[0,1]	[0,1]	[0,1]	[0,1]	[0,1]	[0,1]	[0,1]	[0,1]	[0,1]	[0,1]
23	*	*	*	*	*	*	*	*	*	*	*	*	*	*	*	*	(1,3]	(1,3]	(1,3]	(1,3]
230	(3,5]	(3,5]	(3,5]	(3,5]	(3,5]	(3,5]	(3,5]	(3,5]	(3,5]	(3,5]	(3,5]	(3,5]	(3,5]	(3,5]	(3,5]	(3,5]	(3,5]	(3,5]	(3,5]	(3,5]
231	*	*	*	*	*	*	*	(5,10]	(5,10]	(5,10]	(5,10]	(3,5]	(3,5]	(1,3]	(1,3]	(1,3]	(1,3]	(1,3]	(1,3]	(1,3]
232	(1,3]	(1,3]	(1,3]	(1,3]	(1,3]	(1,3]	(1,3]	(1,3]	(1,3]	(1,3]	(1,3]	(1,3]	(1,3]	(1,3]	(1,3]	(1,3]	(1,3]	(1,3]	(1,3]	(1,3]
234	(1,3]	(1,3]	(1,3]	(1,3]	(1,3]	(1,3]	(1,3]	(1,3]	(1,3]	(1,3]	(1,3]	(1,3]	(1,3]	(1,3]	(1,3]	(1,3]	(1,3]	(1,3]	(1,3]	(1,3]
235	(1,3]	(1,3]	(1,3]	(1,3]	(1,3]	(1,3]	(1,3]	(1,3]	(1,3]	(1,3]	(1,3]	(1,3]	(1,3]	(1,3]	(1,3]	(1,3]	(1,3]	(1,3]	(1,3]	(1,3]
236	(1,3]	(1,3]	(1,3]	(3,5]	(3,5]	(3,5]	(3,5]	(1,3]	(1,3]	(1,3]	(1,3]	(1,3]	(1,3]	(1,3]	(1,3]	(1,3]	(1,3]	(1,3]	(1,3]	(1,3]
237	*	[0,1]	[0,1]	[0,1]	[0,1]	[0,1]	[0,1]	[0,1]	[0,1]	[0,1]	[0,1]	[0,1]	[0,1]	[0,1]	[0,1]	[0,1]	[0,1]	[0,1]	[0,1]	[0,1]
238	(3,5]	(3,5]	(3,5]	(3,5]	(1,3]	(1,3]	(1,3]	(1,3]	(1,3]	(1,3]	(1,3]	(1,3]	(1,3]	(1,3]	(1,3]	(1,3]	(1,3]	(1,3]	(1,3]	(1,3]
239	(1,3]	(1,3]	(1,3]	(1,3]	(1,3]	(1,3]	(1,3]	(1,3]	(1,3]	(1,3]	(1,3]	(1,3]	(1,3]	(1,3]	(1,3]	(1,3]	(1,3]	(1,3]	(1,3]	(1,3]
240	*	*	*	*	*	*	*	*	(1,3]	(1,3]	(1,3]	*	*	*	[0,1]	[0,1]	[0,1]	[0,1]	[0,1]	[0,1]
241	*	*	*	*	*	*	*	*	*	*	*	*	(1,3]	(1,3]	(1,3]	(1,3]	(1,3]	(1,3]	(1,3]	(1,3]
242	*	*	*	*	*	*	*	*	*	*	*	*	(1,3]	(1,3]	(1,3]	[0,1]	[0,1]	[0,1]	[0,1]	[0,1]
243	(3,5]	(3,5]	(3,5]	(3,5]	(3,5]	(3,5]	(3,5]	(3,5]	(3,5]	(3,5]	(3,5]	(3,5]	(3,5]	(3,5]	(3,5]	(3,5]	(3,5]	(3,5]	(3,5]	(3,5]
245	(1,3]	(1,3]	(1,3]	(1,3]	(1,3]	(3,5]	(3,5]	(3,5]	(3,5]	(3,5]	(3,5]	(3,5]	(3,5]	(3,5]	(3,5]	(3,5]	(1,3]	(1,3]	(1,3]	(1,3]
246	(1,3]	(1,3]	(1,3]	(1,3]	(1,3]	(1,3]	(1,3]	(1,3]	(1,3]	(1,3]	(1,3]	(1,3]	(1,3]	(1,3]	(1,3]	(1,3]	(1,3]	(1,3]	(1,3]	(1,3]
247	*	*	*	*	*	*	*	*	*	*	*	*	*	*	*	*	[0,1]	[0,1]	[0,1]	[0,1]
248	(1,3]	(1,3]	(1,3]	(1,3]	(1,3]	(1,3]	(1,3]	(1,3]	(1,3]	(1,3]	(1,3]	(1,3]	(1,3]	(1,3]	(1,3]	(1,3]	(1,3]	(1,3]	(1,3]	(1,3]
249	(1,3]	(1,3]	(1,3]	(1,3]	(1,3]	(1,3]	(1,3]	(1,3]	(1,3]	(1,3]	(1,3]	(1,3]	(1,3]	(1,3]	(1,3]	(1,3]	(1,3]	(1,3]	(1,3]	(1,3]
25	*	*	*	*	*	*	*	*	*	*	*	*	*	*	*	*	(1,3]	(1,3]	(1,3]	(1,3]
250	(1,3]	(1,3]	(1,3]	(1,3]	(1,3]	(1,3]	(1,3]	(1,3]	(1,3]	(1,3]	(1,3]	(1,3]	(1,3]	(1,3]	(1,3]	(1,3]	(1,3]	(1,3]	(1,3]	[0,1]
251	(1,3]	(1,3]	(1,3]	(1,3]	(1,3]	(1,3]	(1,3]	(1,3]	(1,3]	(1,3]	(1,3]	(1,3]	(1,3]	(1,3]	(1,3]	(1,3]	(1,3]	(1,3]	(1,3]	(1,3]
254	*	*	*	*	(1,3]	(1,3]	(1,3]	(1,3]	(1,3]	(1,3]	(1,3]	(1,3]	(1,3]	(1,3]	(1,3]	(1,3]	(1,3]	(1,3]	(1,3]	(1,3]
255	*	*	*	*	*	*	*	*	*	*	*	*	*	*	*	*	(3,5]	(3,5]	(3,5]	(3,5]
256	*	*	*	*	*	(1,3]	(1,3]	(1,3]	(1,3]	(1,3]	(1,3]	(1,3]	(1,3]	(1,3]	(1,3]	(1,3]	(1,3]	(1,3]	(1,3]	(1,3]
258	*	*	*	*	*	*	[0,1]	[0,1]	(5,10]	(5,10]	(3,5]	(3,5]	(3,5]	*	(3,5]	(3,5]	(3,5]	(3,5]	(3,5]	(3,5]
259	(1,3]	(1,3]	(1,3]	(1,3]	(1,3]	(1,3]	(1,3]	(1,3]	(1,3]	(1,3]	(1,3]	(1,3]	(1,3]	(1,3]	(1,3]	(1,3]	(1,3]	(1,3]	(3,5]	(3,5]
262	*	*	*	*	*	*	*	*	*	*	*	*	*	*	*	*	(1,3]	(1,3]	(1,3]	(1,3]
264	(1,3]	(1,3]	(1,3]	(1,3]	(1,3]	(1,3]	(1,3]	(1,3]	[0,1]	[0,1]	[0,1]	[0,1]	[0,1]	[0,1]	[0,1]	[0,1]	[0,1]	[0,1]	[0,1]	[0,1]
265	(1,3]	(1,3]	(1,3]	(1,3]	(1,3]	(1,3]	(1,3]	(1,3]	(1,3]	(1,3]	[0,1]	[0,1]	[0,1]	[0,1]	[0,1]	[0,1]	[0,1]	[0,1]	[0,1]	[0,1]
266	(1,3]	(1,3]	(1,3]	(1,3]	(1,3]	(1,3]	%	%	%	%	%	%	%	%	%	%	%	%	%	%
267	(1,3]	(1,3]	(1,3]	(1,3]	(1,3]	(1,3]	(1,3]	(1,3]	(1,3]	(1,3]	(1,3]	(1,3]	(1,3]	(1,3]	(1,3]	(1,3]	(1,3]	(1,3]	(1,3]	(1,3]
268	[0,1]	[0,1]	[0,1]	[0,1]	[0,1]	[0,1]	[0,1]	[0,1]	[0,1]	[0,1]	[0,1]	[0,1]	[0,1]	[0,1]	[0,1]	[0,1]	[0,1]	[0,1]	[0,1]	[0,1]
27	*	*	*	*	*	*	*	*	*	*	*	*	*	*	*	[0,1]	[0,1]	[0,1]	[0,1]	[0,1]
271	*	*	*	*	*	*	*	*	*	(3,5]	(3,5]	(3,5]	(3,5]	(3,5]	(3,5]	(3,5]	(3,5]	(3,5]	(3,5]	(3,5]
272	(1,3]	(1,3]	(1,3]	(1,3]	(1,3]	(1,3]	(1,3]	(1,3]	(1,3]	(1,3]	(1,3]	(1,3]	(1,3]	(1,3]	(1,3]	(1,3]	(1,3]	(1,3]	(1,3]	(1,3]
273	*	*	*	*	*	*	*	*	*	*	*	*	*	*	*	(1,3]	(1,3]	(1,3]	(1,3]	(1,3]
274	*	*	*	*	*	*	*	*	*	*	*	*	*	*	*	*	(3,5]	(3,5]	(3,5]	(3,5]
275	*	*	*	*	*	*	*	*	(3,5]	(3,5]	(3,5]	(5,10]	(5,10]	(5,10]	(1,3]	(1,3]	(1,3]	(1,3]	(1,3]	(1,3]
276	(1,3]	(1,3]	(1,3]	(1,3]	(1,3]	(1,3]	(1,3]	(1,3]	(1,3]	(1,3]	(1,3]	(1,3]	(1,3]	(1,3]	(1,3]	(1,3]	(1,3]	(1,3]	(1,3]	(1,3]
278	*	*	*	*	*	*	*	*	*	*	*	*	*	*	*	*	(5,10]	(5,10]	(5,10]	(5,10]
28	*	*	*	*	*	*	*	*	*	*	*	*	*	*	(1,3]	(1,3]	(1,3]	(1,3]	(1,3]	(1,3]
280	[0,1]	[0,1]	(1,3]	(1,3]	(1,3]	(1,3]	(1,3]	(1,3]	(1,3]	(1,3]	(1,3]	(1,3]	(1,3]	(1,3]	(1,3]	(1,3]	(1,3]	(1,3]	(1,3]	(1,3]
282	(1,3]	(1,3]	(1,3]	(1,3]	(1,3]	(1,3]	(1,3]	(1,3]	(1,3]	(1,3]	(1,3]	(1,3]	(1,3]	(1,3]	(1,3]	(1,3]	(1,3]	(1,3]	(1,3]	(1,3]
283	(1,3]	(1,3]	(1,3]	(1,3]	(1,3]	(1,3]	(1,3]	%	%	%	%	%	%	%	%	%	%	%	%	%
284	*	*	*	*	*	*	*	*	*	*	*	*	*	*	*	*	*	*	*	*
285	(1,3]	(1,3]	(1,3]	(1,3]	(1,3]	(1,3]	(1,3]	(1,3]	(1,3]	(1,3]	(1,3]	(1,3]	(1,3]	(1,3]	(1,3]	(1,3]	(1,3]	(1,3]	(1,3]	(1,3]
286	(1,3]	(1,3]	(1,3]	(1,3]	(1,3]	(1,3]	(1,3]	(1,3]	(1,3]	(1,3]	(1,3]	(1,3]	(1,3]	(1,3]	(1,3]	(1,3]	(1,3]	(1,3]	(1,3]	(1,3]
287	*	*	*	*	*	*	*	*	*	*	*	[0,1]	[0,1]	[0,1]	(1,3]	(1,3]	(1,3]	[0,1]	[0,1]	[0,1]
288	*	*	*	*	*	*	*	*	*	*	*	*	*	*	*	*	*	*	(1,3]	(1,3]
289	*	*	[0,1]	[0,1]	[0,1]	[0,1]	[0,1]	[0,1]	[0,1]	[0,1]	[0,1]	[0,1]	[0,1]	[0,1]	[0,1]	[0,1]	[0,1]	[0,1]	[0,1]	[0,1]
29	[0,1]	[0,1]	[0,1]	[0,1]	[0,1]	[0,1]	[0,1]	[0,1]	[0,1]	[0,1]	[0,1]	[0,1]	[0,1]	[0,1]	[0,1]	[0,1]	[0,1]	[0,1]	[0,1]	[0,1]
291	*	*	*	*	*	(3,5]	(3,5]	(3,5]	(3,5]	(3,5]	(3,5]	(3,5]	(3,5]	(3,5]	(3,5]	(3,5]	(3,5]	(3,5]	(3,5]	(3,5]
292	*	*	*	*	*	*	*	*	*	*	*	*	*	*	*	*	*	*	(3,5]	(3,5]
293	*	*	(1,3]	(1,3]	(1,3]	(1,3]	(1,3]	(1,3]	(1,3]	(1,3]	(1,3]	(1,3]	(1,3]	(1,3]	(1,3]	(1,3]	(1,3]	(1,3]	(1,3]	(1,3]
295	*	*	*	*	*	*	*	*	(1,3]	(1,3]	(1,3]	(1,3]	(1,3]	(1,3]	(1,3]	(1,3]	(1,3]	(1,3]	(1,3]	(1,3]
296	(1,3]	(1,3]	(1,3]	(1,3]	(1,3]	(1,3]	(1,3]	(1,3]	(1,3]	(1,3]	(1,3]	(1,3]	(1,3]	(1,3]	(1,3]	(1,3]	(1,3]	(1,3]	(1,3]	(1,3]
297	(1,3]	(1,3]	(1,3]	(1,3]	(1,3]	(1,3]	(1,3]	(1,3]	(1,3]	(1,3]	(1,3]	(1,3]	(1,3]	(1,3]	(1,3]	(1,3]	(1,3]	(1,3]	(1,3]	(1,3]
298	[0,1]	[0,1]	[0,1]	[0,1]	[0,1]	[0,1]	[0,1]	[0,1]	[0,1]	[0,1]	[0,1]	[0,1]	[0,1]	[0,1]	[0,1]	[0,1]	[0,1]	[0,1]	[0,1]	[0,1]
299	(1,3]	(1,3]	(1,3]	(1,3]	[0,1]	[0,1]	[0,1]	[0,1]	[0,1]	[0,1]	[0,1]	[0,1]	[0,1]	[0,1]	[0,1]	[0,1]	[0,1]	[0,1]	[0,1]	[0,1]
3	*	*	*	*	*	*	*	*	*	*	*	*	*	*	(3,5]	(3,5]	(3,5]	(3,5]	(3,5]	(3,5]
30	(1,3]	(1,3]	(1,3]	(1,3]	(1,3]	(1,3]	(1,3]	(1,3]	(1,3]	(1,3]	(1,3]	(1,3]	(1,3]	(1,3]	(1,3]	(1,3]	(1,3]	(1,3]	(1,3]	(1,3]
300	[0,1]	[0,1]	[0,1]	[0,1]	[0,1]	[0,1]	[0,1]	[0,1]	[0,1]	[0,1]	[0,1]	[0,1]	[0,1]	[0,1]	[0,1]	[0,1]	[0,1]	[0,1]	[0,1]	[0,1]
301	[0,1]	[0,1]	[0,1]	[0,1]	[0,1]	[0,1]	[0,1]	[0,1]	[0,1]	[0,1]	[0,1]	[0,1]	[0,1]	[0,1]	[0,1]	[0,1]	[0,1]	[0,1]	[0,1]	[0,1]
303	(1,3]	(1,3]	[0,1]	[0,1]	[0,1]	[0,1]	[0,1]	[0,1]	[0,1]	[0,1]	[0,1]	[0,1]	[0,1]	[0,1]	[0,1]	[0,1]	[0,1]	[0,1]	[0,1]	[0,1]
304	(1,3]	(1,3]	(1,3]	(1,3]	(1,3]	(1,3]	(1,3]	(1,3]	(1,3]	(1,3]	(1,3]	(1,3]	(1,3]	(1,3]	(1,3]	(1,3]	(1,3]	(1,3]	(1,3]	(1,3]
306	(1,3]	(1,3]	(1,3]	(1,3]	(1,3]	(1,3]	(1,3]	(1,3]	(1,3]	(1,3]	(1,3]	(1,3]	(1,3]	(1,3]	(1,3]	(1,3]	(1,3]	(1,3]	(1,3]	(1,3]
309	*	*	*	*	*	*	*	*	(1,3]	(1,3]	(1,3]	(1,3]	(1,3]	(1,3]	(1,3]	(1,3]	(1,3]	(1,3]	(1,3]	(1,3]
31	(1,3]	(1,3]	(1,3]	(1,3]	(1,3]	(1,3]	(1,3]	(1,3]	(1,3]	(1,3]	(1,3]	(1,3]	(1,3]	(1,3]	(1,3]	(1,3]	(1,3]	(1,3]	(1,3]	(1,3]
310	[0,1]	[0,1]	[0,1]	[0,1]	(1,3]	(1,3]	(1,3]	(1,3]	(1,3]	(1,3]	(1,3]	(1,3]	(1,3]	(1,3]	(1,3]	(1,3]	(1,3]	[0,1]	[0,1]	[0,1]
311	*	*	*	*	*	*	*	*	*	*	*	*	*	*	*	*	*	*	*	(1,3]
312	(3,5]	(3,5]	(3,5]	(3,5]	(3,5]	(3,5]	(3,5]	(3,5]	(3,5]	(3,5]	(3,5]	(3,5]	(3,5]	(3,5]	(3,5]	(3,5]	(3,5]	(3,5]	(3,5]	(3,5]
315	(1,3]	(1,3]	(1,3]	(1,3]	(1,3]	(1,3]	(1,3]	(1,3]	(1,3]	(1,3]	(1,3]	(1,3]	(1,3]	(1,3]	(1,3]	(1,3]	(1,3]	(1,3]	(1,3]	(1,3]
317	(3,5]	(3,5]	(3,5]	(3,5]	(3,5]	(1,3]	(1,3]	(1,3]	(1,3]	(1,3]	(1,3]	(1,3]	(1,3]	(1,3]	(1,3]	(1,3]	(1,3]	(1,3]	(1,3]	(1,3]
319	*	*	*	*	*	(1,3]	(1,3]	(1,3]	(1,3]	(1,3]	(1,3]	(1,3]	(1,3]	(1,3]	(1,3]	(1,3]	(1,3]	(1,3]	(1,3]	(1,3]
32	*	*	*	*	*	*	*	*	*	*	*	*	*	*	*	*	*	*	*	(3,5]
320	*	*	*	*	(1,3]	(1,3]	(1,3]	(1,3]	(1,3]	(1,3]	(1,3]	(1,3]	(1,3]	[0,1]	[0,1]	[0,1]	[0,1]	[0,1]	[0,1]	[0,1]
321	(3,5]	(3,5]	(3,5]	(3,5]	(3,5]	(3,5]	(3,5]	(3,5]	(3,5]	(3,5]	(3,5]	(3,5]	(3,5]	(3,5]	%	%	%	%	%	%
322	(1,3]	(1,3]	(1,3]	(1,3]	(1,3]	(1,3]	(1,3]	(1,3]	(1,3]	(1,3]	(1,3]	(1,3]	(1,3]	(1,3]	(1,3]	(1,3]	(1,3]	(1,3]	(1,3]	(1,3]
324	(1,3]	(1,3]	(1,3]	(1,3]	(3,5]	(3,5]	(3,5]	(3,5]	(3,5]	(3,5]	(3,5]	(3,5]	(3,5]	(3,5]	(3,5]	(3,5]	(3,5]	(3,5]	(3,5]	(3,5]
325	(3,5]	(3,5]	(3,5]	(3,5]	(3,5]	(3,5]	(3,5]	(3,5]	(3,5]	(3,5]	(3,5]	(3,5]	(3,5]	(3,5]	(3,5]	(3,5]	(3,5]	(3,5]	(3,5]	(3,5]
326	*	*	*	(1,3]	(1,3]	(1,3]	(1,3]	(1,3]	(1,3]	(1,3]	(1,3]	(1,3]	(1,3]	(1,3]	(1,3]	(1,3]	(1,3]	(1,3]	(1,3]	(1,3]
328	(1,3]	(1,3]	(1,3]	(1,3]	(1,3]	(1,3]	(1,3]	(1,3]	(1,3]	(1,3]	(1,3]	(1,3]	(1,3]	(1,3]	(1,3]	(1,3]	(1,3]	(1,3]	(1,3]	(1,3]
329	(3,5]	(3,5]	(3,5]	(3,5]	(3,5]	(3,5]	(3,5]	(3,5]	(3,5]	(3,5]	(3,5]	(3,5]	(3,5]	(3,5]	(3,5]	(3,5]	(3,5]	(3,5]	(3,5]	(3,5]
33	[0,1]	[0,1]	[0,1]	[0,1]	[0,1]	(1,3]	(1,3]	(1,3]	(1,3]	(1,3]	(1,3]	(1,3]	(1,3]	(1,3]	(1,3]	(1,3]	(1,3]	(1,3]	(1,3]	(1,3]
330	(1,3]	(1,3]	(1,3]	(1,3]	(1,3]	(1,3]	(1,3]	(3,5]	(3,5]	(3,5]	(3,5]	(3,5]	(3,5]	(3,5]	(3,5]	(3,5]	(3,5]	(3,5]	(3,5]	(3,5]
332	(1,3]	(1,3]	(1,3]	(1,3]	(1,3]	(1,3]	(1,3]	(1,3]	(1,3]	(1,3]	(1,3]	(1,3]	(1,3]	(1,3]	%	%	%	%	%	%
335	(3,5]	(3,5]	(3,5]	(3,5]	(3,5]	(3,5]	(3,5]	(3,5]	(3,5]	(3,5]	(3,5]	(3,5]	(3,5]	(3,5]	(3,5]	(3,5]	(3,5]	(3,5]	(3,5]	(3,5]
336	*	*	*	*	*	*	*	*	*	*	*	*	*	[0,1]	[0,1]	[0,1]	[0,1]	[0,1]	[0,1]	[0,1]
338	(3,5]	(3,5]	(3,5]	(3,5]	(3,5]	(3,5]	(3,5]	(3,5]	(3,5]	(3,5]	(3,5]	(3,5]	(3,5]	(3,5]	(3,5]	(3,5]	(3,5]	(3,5]	(3,5]	(3,5]
339	(1,3]	(1,3]	(1,3]	(1,3]	(1,3]	(1,3]	(1,3]	(1,3]	(1,3]	(1,3]	(1,3]	(1,3]	(1,3]	(1,3]	(1,3]	(1,3]	(1,3]	(1,3]	(1,3]	(1,3]
34	(1,3]	(1,3]	(1,3]	(1,3]	(1,3]	(1,3]	(1,3]	(1,3]	(1,3]	(1,3]	(1,3]	(1,3]	(1,3]	(1,3]	(1,3]	(1,3]	(1,3]	(1,3]	(1,3]	(1,3]
340	*	*	*	*	*	*	*	(1,3]	(1,3]	(1,3]	(1,3]	(1,3]	(1,3]	(1,3]	(1,3]	(1,3]	(1,3]	(1,3]	(1,3]	(1,3]
341	(1,3]	(1,3]	(1,3]	(1,3]	(1,3]	(1,3]	(1,3]	(1,3]	(1,3]	(1,3]	(1,3]	(1,3]	(1,3]	(1,3]	(1,3]	(1,3]	(1,3]	(1,3]	(1,3]	(1,3]
343	*	*	*	*	*	*	*	*	*	(1,3]	(1,3]	(1,3]	(1,3]	(1,3]	(1,3]	(1,3]	(1,3]	(1,3]	(1,3]	%
344	(3,5]	(3,5]	(3,5]	(3,5]	(3,5]	(3,5]	(3,5]	(3,5]	(3,5]	(3,5]	(3,5]	(3,5]	(3,5]	(3,5]	(3,5]	(3,5]	(3,5]	(3,5]	(3,5]	(3,5]
345	*	*	*	*	*	*	*	*	*	*	*	*	*	*	*	*	*	(1,3]	(1,3]	(1,3]
346	(1,3]	(3,5]	(3,5]	(3,5]	(3,5]	(3,5]	(3,5]	*	*	*	*	*	(3,5]	(3,5]	(3,5]	(3,5]	(3,5]	(3,5]	(3,5]	(3,5]
348	(1,3]	(1,3]	(1,3]	(1,3]	(1,3]	(1,3]	(1,3]	(1,3]	(1,3]	(1,3]	(1,3]	(1,3]	(1,3]	(1,3]	(1,3]	(1,3]	(1,3]	(1,3]	(1,3]	(1,3]
35	*	*	*	*	*	*	*	[0,1]	[0,1]	[0,1]	[0,1]	(1,3]	(1,3]	(1,3]	(1,3]	(1,3]	(1,3]	(1,3]	(1,3]	(1,3]
350	(1,3]	(1,3]	(1,3]	(1,3]	(1,3]	(1,3]	(1,3]	(1,3]	(1,3]	(1,3]	(1,3]	(1,3]	(1,3]	(1,3]	(1,3]	(1,3]	(1,3]	(1,3]	(1,3]	(1,3]
36	(1,3]	(1,3]	(1,3]	(1,3]	(1,3]	(1,3]	(1,3]	(1,3]	(1,3]	(1,3]	(1,3]	(1,3]	(1,3]	(1,3]	(1,3]	(1,3]	(1,3]	(1,3]	(1,3]	(1,3]
38	(3,5]	(3,5]	(3,5]	(3,5]	(3,5]	(1,3]	(1,3]	(1,3]	(1,3]	(1,3]	(1,3]	(1,3]	(1,3]	(1,3]	(1,3]	(1,3]	(1,3]	(1,3]	(1,3]	(1,3]
39	(3,5]	(3,5]	(3,5]	(3,5]	(3,5]	(3,5]	(3,5]	(3,5]	(3,5]	(3,5]	(3,5]	(3,5]	(3,5]	(3,5]	(3,5]	(3,5]	(3,5]	(3,5]	(3,5]	(3,5]
40	[0,1]	[0,1]	[0,1]	[0,1]	[0,1]	[0,1]	[0,1]	(1,3]	(1,3]	(1,3]	(1,3]	(1,3]	(1,3]	(1,3]	(1,3]	(1,3]	(1,3]	(1,3]	(1,3]	(1,3]
42	(1,3]	(1,3]	(1,3]	(1,3]	(1,3]	(1,3]	(1,3]	(1,3]	(1,3]	(1,3]	(1,3]	(1,3]	(1,3]	(1,3]	(1,3]	(1,3]	(1,3]	(1,3]	(1,3]	(1,3]
43	*	*	*	*	(5,10]	(5,10]	(5,10]	(5,10]	(5,10]	[0,1]	%	%	%	%	%	%	%	%	%	%
44	*	*	*	*	*	(1,3]	(1,3]	(1,3]	(1,3]	(1,3]	(1,3]	(1,3]	(1,3]	(1,3]	(1,3]	(1,3]	(1,3]	(1,3]	(1,3]	(1,3]
45	(3,5]	(3,5]	(3,5]	(3,5]	(3,5]	(3,5]	(3,5]	(3,5]	(3,5]	(3,5]	(3,5]	(3,5]	(3,5]	(3,5]	(3,5]	(3,5]	(3,5]	(3,5]	(3,5]	(3,5]
47	(1,3]	(1,3]	(1,3]	(1,3]	(1,3]	(1,3]	(1,3]	(1,3]	(1,3]	(1,3]	(1,3]	(1,3]	(1,3]	(1,3]	(1,3]	(1,3]	(1,3]	(1,3]	(1,3]	(1,3]
48	(5,10]	(5,10]	(5,10]	(5,10]	(5,10]	(5,10]	[0,1]	[0,1]	[0,1]	[0,1]	[0,1]	[0,1]	[0,1]	[0,1]	[0,1]	[0,1]	[0,1]	[0,1]	[0,1]	[0,1]
49	*	*	*	*	*	*	*	*	*	*	*	*	*	*	*	*	*	(1,3]	(1,3]	(1,3]
50	*	*	*	*	*	*	*	*	*	*	*	*	*	*	*	(1,3]	(1,3]	(1,3]	(1,3]	(1,3]
51	*	*	*	*	*	*	(1,3]	(1,3]	(1,3]	(3,5]	(3,5]	(3,5]	(3,5]	(3,5]	(3,5]	(3,5]	(3,5]	(3,5]	(3,5]	(3,5]
52	(1,3]	(1,3]	(1,3]	(3,5]	(3,5]	(3,5]	(3,5]	(1,3]	(1,3]	(1,3]	(1,3]	(5,10]	(5,10]	(5,10]	(5,10]	(5,10]	(5,10]	(5,10]	(5,10]	(5,10]
53	[0,1]	[0,1]	[0,1]	[0,1]	[0,1]	[0,1]	[0,1]	[0,1]	(1,3]	(1,3]	(1,3]	(1,3]	(1,3]	(1,3]	(1,3]	(1,3]	[0,1]	[0,1]	[0,1]	[0,1]
54	(1,3]	(1,3]	(1,3]	(1,3]	(1,3]	(1,3]	(1,3]	(1,3]	(1,3]	(1,3]	(1,3]	(1,3]	(1,3]	(1,3]	(1,3]	(1,3]	(1,3]	(1,3]	(1,3]	%
55	(3,5]	(3,5]	(3,5]	(3,5]	(3,5]	(3,5]	(3,5]	(1,3]	(1,3]	(1,3]	(1,3]	(1,3]	(1,3]	(1,3]	(1,3]	(1,3]	(1,3]	(1,3]	(1,3]	(1,3]
56	(3,5]	(3,5]	(3,5]	(3,5]	(3,5]	(3,5]	(3,5]	(3,5]	(3,5]	(3,5]	(3,5]	(3,5]	(3,5]	(3,5]	(3,5]	(3,5]	(3,5]	(3,5]	(3,5]	(3,5]
57	*	*	*	(1,3]	(1,3]	(1,3]	(1,3]	(1,3]	(1,3]	(1,3]	(1,3]	(1,3]	(1,3]	(1,3]	(1,3]	(1,3]	(1,3]	(1,3]	(1,3]	(1,3]
58	(1,3]	(1,3]	(1,3]	(1,3]	(3,5]	(3,5]	(3,5]	(3,5]	(3,5]	(3,5]	(3,5]	(3,5]	(3,5]	(3,5]	(1,3]	(3,5]	(3,5]	(3,5]	(3,5]	(3,5]
59	*	*	*	*	*	*	*	*	(3,5]	(3,5]	(3,5]	(3,5]	(3,5]	(3,5]	(3,5]	(3,5]	%	%	%	%
60	*	*	*	*	*	*	*	*	*	*	*	[0,1]	[0,1]	[0,1]	[0,1]	[0,1]	[0,1]	[0,1]	[0,1]	[0,1]
61	[0,1]	[0,1]	[0,1]	[0,1]	[0,1]	[0,1]	[0,1]	[0,1]	[0,1]	[0,1]	[0,1]	[0,1]	[0,1]	[0,1]	[0,1]	[0,1]	[0,1]	[0,1]	[0,1]	[0,1]
62	(1,3]	(1,3]	(1,3]	(1,3]	(1,3]	(1,3]	(1,3]	(1,3]	(1,3]	(1,3]	(1,3]	(1,3]	(1,3]	(1,3]	(1,3]	(1,3]	(1,3]	(1,3]	(1,3]	(1,3]
63	*	*	*	*	*	*	*	*	*	*	*	*	*	*	*	*	*	(1,3]	(1,3]	(1,3]
64	*	*	*	*	*	*	(1,3]	(1,3]	(1,3]	(1,3]	(1,3]	(1,3]	(1,3]	(1,3]	(1,3]	(1,3]	(1,3]	(1,3]	(1,3]	(1,3]
69	*	*	*	*	*	*	*	*	*	*	*	*	*	*	*	*	[0,1]	[0,1]	[0,1]	[0,1]
7	*	*	*	(3,5]	(3,5]	(3,5]	(3,5]	(1,3]	(1,3]	(1,3]	(1,3]	(1,3]	(1,3]	(1,3]	(1,3]	(1,3]	(1,3]	(1,3]	(1,3]	(1,3]
72	*	*	*	*	*	*	*	*	*	*	*	*	*	*	*	(3,5]	(3,5]	(3,5]	(3,5]	(3,5]
73	(3,5]	(3,5]	(3,5]	(3,5]	(3,5]	(3,5]	(3,5]	(3,5]	(3,5]	(3,5]	(3,5]	(3,5]	(3,5]	(3,5]	(3,5]	(3,5]	(3,5]	(3,5]	(3,5]	(3,5]
74	(1,3]	(1,3]	(1,3]	(1,3]	(1,3]	(1,3]	(1,3]	(1,3]	(1,3]	(1,3]	(1,3]	(1,3]	(1,3]	(1,3]	(1,3]	(1,3]	(1,3]	(1,3]	(1,3]	(1,3]
75	[0,1]	[0,1]	[0,1]	[0,1]	[0,1]	[0,1]	[0,1]	[0,1]	[0,1]	[0,1]	[0,1]	[0,1]	[0,1]	[0,1]	[0,1]	[0,1]	[0,1]	[0,1]	[0,1]	[0,1]
76	(1,3]	(1,3]	(3,5]	(3,5]	(3,5]	(3,5]	(3,5]	(3,5]	(3,5]	(3,5]	(3,5]	(3,5]	(3,5]	(3,5]	(3,5]	(3,5]	(3,5]	(3,5]	(3,5]	(3,5]
79	[0,1]	[0,1]	[0,1]	[0,1]	[0,1]	[0,1]	[0,1]	[0,1]	[0,1]	[0,1]	[0,1]	[0,1]	[0,1]	[0,1]	[0,1]	[0,1]	[0,1]	[0,1]	[0,1]	[0,1]
8	*	*	*	*	*	*	*	*	(1,3]	(1,3]	(1,3]	(1,3]	(1,3]	(1,3]	(1,3]	(1,3]	(1,3]	(1,3]	(1,3]	(1,3]
80	(1,3]	(1,3]	(1,3]	(1,3]	(1,3]	(1,3]	(1,3]	(1,3]	(1,3]	(1,3]	(1,3]	(1,3]	(1,3]	(1,3]	(1,3]	(1,3]	(1,3]	(1,3]	(1,3]	(1,3]
81	*	*	*	(1,3]	(1,3]	(1,3]	(1,3]	(1,3]	(1,3]	(1,3]	(1,3]	(1,3]	(1,3]	(1,3]	(1,3]	(1,3]	(1,3]	(1,3]	(1,3]	(1,3]
82	*	*	*	*	[0,1]	[0,1]	[0,1]	[0,1]	[0,1]	[0,1]	[0,1]	[0,1]	[0,1]	[0,1]	[0,1]	[0,1]	[0,1]	[0,1]	[0,1]	[0,1]
83	*	*	*	*	*	*	*	*	*	*	*	*	*	*	*	*	*	(1,3]	(1,3]	(1,3]
85	(1,3]	(1,3]	(1,3]	(1,3]	(1,3]	(1,3]	(1,3]	(1,3]	(1,3]	(1,3]	(1,3]	(1,3]	(1,3]	(1,3]	(1,3]	(1,3]	(1,3]	(1,3]	(1,3]	(1,3]
86	*	*	*	*	*	*	*	*	*	*	*	*	*	*	*	*	*	(3,5]	(3,5]	(3,5]
88	(1,3]	(1,3]	(1,3]	(1,3]	(1,3]	(1,3]	(1,3]	(1,3]	(1,3]	(1,3]	(1,3]	(1,3]	(1,3]	(1,3]	(1,3]	(1,3]	(1,3]	(1,3]	(1,3]	(1,3]
9	(1,3]	(1,3]	(1,3]	(1,3]	(1,3]	(1,3]	(1,3]	(1,3]	(1,3]	(1,3]	(1,3]	(1,3]	(1,3]	(1,3]	(1,3]	(1,3]	(1,3]	(1,3]	(1,3]	(1,3]
90	*	*	*	(1,3]	(1,3]	(1,3]	(1,3]	(5,10]	(5,10]	(5,10]	(1,3]	(1,3]	[0,1]	[0,1]	[0,1]	[0,1]	[0,1]	[0,1]	(1,3]	(1,3]
91	*	*	*	(1,3]	(1,3]	(1,3]	(1,3]	(1,3]	(1,3]	(1,3]	(1,3]	(1,3]	(1,3]	(1,3]	(1,3]	(1,3]	(1,3]	(1,3]	(1,3]	(1,3]
94	(3,5]	(3,5]	(3,5]	(1,3]	(1,3]	(1,3]	(1,3]	(1,3]	(1,3]	(3,5]	(3,5]	(3,5]	(3,5]	(3,5]	(3,5]	(3,5]	(3,5]	(3,5]	(3,5]	(3,5]
95	(1,3]	(1,3]	(1,3]	(1,3]	(1,3]	(1,3]	(1,3]	(1,3]	*	*	*	*	(1,3]	(1,3]	(1,3]	(1,3]	(1,3]	(1,3]	(1,3]	(1,3]
96	(5,10]	(5,10]	(3,5]	(3,5]	(3,5]	(3,5]	(3,5]	(3,5]	(3,5]	(3,5]	(3,5]	(3,5]	(3,5]	(3,5]	(3,5]	(3,5]	(3,5]	(3,5]	(3,5]	(3,5]
97	*	*	*	*	*	*	*	*	*	*	*	*	(1,3]	(1,3]	(1,3]	(1,3]	(1,3]	(3,5]	(3,5]	(3,5]
98	(3,5]	(3,5]	(3,5]	(3,5]	(3,5]	(3,5]	(3,5]	(3,5]	(3,5]	(3,5]	(3,5]	(3,5]	(3,5]	(3,5]	(3,5]	(3,5]	(3,5]	(3,5]	(3,5]	(3,5]
