1	(3,5]	(3,5]	(3,5]	(3,5]	(3,5]	(3,5]	(3,5]	(3,5]	(3,5]	(3,5]	(3,5]	(5,10]	(5,10]	(5,10]	(5,10]	(5,10]	(5,10]	(5,10]	(5,10]	(5,10]
10	(3,5]	(3,5]	(3,5]	(3,5]	(3,5]	(3,5]	(3,5]	(3,5]	(3,5]	(3,5]	(3,5]	(3,5]	(3,5]	(3,5]	(3,5]	(3,5]	(3,5]	(3,5]	(3,5]	(3,5]
100	*	*	*	*	*	*	*	*	*	*	(5,10]	(5,10]	(5,10]	(5,10]	(5,10]	(5,10]	(5,10]	(5,10]	(5,10]	(5,10]
101	(1,3]	(1,3]	(1,3]	(1,3]	(1,3]	(1,3]	(1,3]	(1,3]	(1,3]	(1,3]	(1,3]	(1,3]	(1,3]	(1,3]	(1,3]	(1,3]	(1,3]	(1,3]	(1,3]	(1,3]
102	[0,1]	[0,1]	[0,1]	[0,1]	[0,1]	[0,1]	[0,1]	[0,1]	[0,1]	[0,1]	[0,1]	[0,1]	[0,1]	[0,1]	[0,1]	[0,1]	[0,1]	[0,1]	[0,1]	[0,1]
103	(5,10]	(5,10]	(5,10]	(5,10]	(5,10]	(5,10]	(5,10]	(5,10]	(5,10]	(5,10]	(5,10]	(5,10]	(5,10]	(5,10]	(5,10]	(5,10]	(5,10]	(5,10]	(5,10]	(5,10]
104	(5,10]	(5,10]	(5,10]	(5,10]	(5,10]	(5,10]	(5,10]	(5,10]	(5,10]	(5,10]	(5,10]	(5,10]	(5,10]	(5,10]	(5,10]	(5,10]	(5,10]	(5,10]	(5,10]	(5,10]
105	(5,10]	(5,10]	(5,10]	(5,10]	(5,10]	(5,10]	(5,10]	(5,10]	(5,10]	(5,10]	(5,10]	(5,10]	(5,10]	(5,10]	(5,10]	(5,10]	(5,10]	(5,10]	(5,10]	(5,10]
106	(3,5]	(3,5]	(3,5]	(3,5]	(3,5]	(3,5]	(3,5]	(5,10]	(5,10]	(5,10]	(5,10]	(5,10]	(5,10]	(5,10]	(5,10]	(5,10]	(5,10]	(5,10]	(5,10]	(5,10]
107	(1,3]	(1,3]	(1,3]	(1,3]	(1,3]	(1,3]	(1,3]	(1,3]	(1,3]	(1,3]	(1,3]	(1,3]	(1,3]	(1,3]	(1,3]	(1,3]	(1,3]	(1,3]	(1,3]	(1,3]
108	(3,5]	(3,5]	(3,5]	(3,5]	%	%	%	%	%	%	%	%	%	%	%	%	%	%	%	%
109	*	*	*	*	*	*	(3,5]	(3,5]	(3,5]	(3,5]	(3,5]	(3,5]	(3,5]	(3,5]	(3,5]	(3,5]	(3,5]	(3,5]	(3,5]	(3,5]
11	*	*	*	*	*	*	(5,10]	(5,10]	(5,10]	(5,10]	(5,10]	(5,10]	(5,10]	(5,10]	(5,10]	(5,10]	(5,10]	(5,10]	(5,10]	(5,10]
110	*	(3,5]	(3,5]	(3,5]	(3,5]	(3,5]	(3,5]	(3,5]	(3,5]	(3,5]	(3,5]	(3,5]	(3,5]	(3,5]	(3,5]	(3,5]	(3,5]	(3,5]	(3,5]	(3,5]
113	(1,3]	(1,3]	(1,3]	(1,3]	(1,3]	(1,3]	(1,3]	(1,3]	(1,3]	(1,3]	(1,3]	(1,3]	(1,3]	(1,3]	(1,3]	(1,3]	(1,3]	(1,3]	(1,3]	(1,3]
114	(3,5]	(3,5]	(3,5]	(3,5]	(3,5]	(3,5]	(3,5]	(3,5]	%	%	%	%	%	%	%	%	%	%	%	%
115	(3,5]	(3,5]	(3,5]	(3,5]	(3,5]	(5,10]	(5,10]	(5,10]	(5,10]	(5,10]	(5,10]	(5,10]	(5,10]	(5,10]	(5,10]	(5,10]	(5,10]	(5,10]	(5,10]	(5,10]
117	(3,5]	(3,5]	(3,5]	(3,5]	(3,5]	(3,5]	(3,5]	(3,5]	(3,5]	(3,5]	%	%	%	%	%	%	%	%	%	%
12	(3,5]	(3,5]	(3,5]	(3,5]	(3,5]	(3,5]	(3,5]	(3,5]	(3,5]	(3,5]	(3,5]	(3,5]	(3,5]	(3,5]	(3,5]	(3,5]	(5,10]	(5,10]	(5,10]	(5,10]
120	(1,3]	(1,3]	(1,3]	(1,3]	(1,3]	(1,3]	(1,3]	(1,3]	(1,3]	(1,3]	(1,3]	(1,3]	(1,3]	(1,3]	(1,3]	(1,3]	(1,3]	(1,3]	(1,3]	(1,3]
121	*	*	*	*	*	*	*	*	*	*	(3,5]	(3,5]	(3,5]	(3,5]	(3,5]	(3,5]	(3,5]	(3,5]	(3,5]	(3,5]
122	[0,1]	[0,1]	[0,1]	[0,1]	[0,1]	[0,1]	[0,1]	[0,1]	[0,1]	[0,1]	[0,1]	[0,1]	[0,1]	[0,1]	[0,1]	(10,20]	(10,20]	(10,20]	(10,20]	(10,20]
124	[0,1]	[0,1]	[0,1]	[0,1]	[0,1]	[0,1]	[0,1]	[0,1]	[0,1]	[0,1]	(1,3]	(1,3]	(1,3]	(1,3]	(1,3]	(1,3]	(1,3]	(1,3]	(1,3]	(1,3]
125	(3,5]	(3,5]	(3,5]	(3,5]	(3,5]	(3,5]	(3,5]	(3,5]	(3,5]	(3,5]	(3,5]	(3,5]	(3,5]	(3,5]	(3,5]	(3,5]	(3,5]	(3,5]	(3,5]	(3,5]
126	(10,20]	(10,20]	(10,20]	(10,20]	(10,20]	(10,20]	(10,20]	(10,20]	(10,20]	(10,20]	(10,20]	(10,20]	(10,20]	(10,20]	(10,20]	(10,20]	(10,20]	(10,20]	(10,20]	(10,20]
130	*	*	*	*	*	*	*	*	*	*	*	*	*	*	*	*	*	(3,5]	(3,5]	(3,5]
131	*	*	*	(1,3]	(1,3]	(1,3]	(1,3]	(1,3]	(1,3]	(1,3]	(1,3]	(1,3]	(1,3]	(1,3]	(1,3]	(1,3]	(1,3]	(1,3]	(1,3]	(1,3]
133	(1,3]	(1,3]	(1,3]	(1,3]	(1,3]	(1,3]	(1,3]	(1,3]	(1,3]	(1,3]	(1,3]	(1,3]	(1,3]	(1,3]	(1,3]	(1,3]	(1,3]	(1,3]	(1,3]	(1,3]
137	(5,10]	(5,10]	(5,10]	(5,10]	(5,10]	(5,10]	(5,10]	(5,10]	(5,10]	(5,10]	(5,10]	(5,10]	(5,10]	(5,10]	(5,10]	(5,10]	(5,10]	(5,10]	(5,10]	(5,10]
139	(3,5]	(3,5]	(3,5]	(3,5]	(3,5]	(3,5]	(3,5]	(3,5]	(3,5]	(3,5]	(3,5]	(3,5]	(3,5]	(3,5]	(3,5]	(3,5]	(3,5]	(3,5]	(3,5]	(3,5]
14	*	(10,20]	(10,20]	(10,20]	(3,5]	(3,5]	(3,5]	(3,5]	(3,5]	(3,5]	(3,5]	(3,5]	(3,5]	(3,5]	(3,5]	(3,5]	(10,20]	(10,20]	(10,20]	(10,20]
140	(3,5]	(3,5]	(3,5]	(3,5]	(3,5]	(3,5]	(3,5]	(3,5]	(10,20]	(10,20]	(10,20]	(10,20]	(10,20]	(10,20]	(10,20]	(10,20]	(10,20]	(10,20]	(10,20]	(10,20]
142	(1,3]	(1,3]	(1,3]	(1,3]	(1,3]	(1,3]	(1,3]	(1,3]	(1,3]	(1,3]	(1,3]	(1,3]	(1,3]	(1,3]	(1,3]	(1,3]	(1,3]	(1,3]	(1,3]	(1,3]
144	*	*	*	*	*	*	*	*	*	*	*	*	*	*	*	*	(1,3]	(1,3]	(1,3]	(1,3]
145	(3,5]	(3,5]	(3,5]	(3,5]	(5,10]	(1,3]	(1,3]	(1,3]	(1,3]	(1,3]	(1,3]	(1,3]	(1,3]	(1,3]	(1,3]	(1,3]	(1,3]	(1,3]	(1,3]	(1,3]
147	(1,3]	(1,3]	(1,3]	(1,3]	(1,3]	(1,3]	(1,3]	(1,3]	(1,3]	(1,3]	(1,3]	(1,3]	(1,3]	(1,3]	(1,3]	(1,3]	(1,3]	(1,3]	(1,3]	(1,3]
148	(3,5]	(3,5]	(3,5]	(3,5]	(3,5]	(3,5]	(3,5]	(3,5]	(3,5]	(3,5]	(3,5]	(3,5]	(3,5]	(3,5]	(3,5]	(3,5]	(3,5]	(3,5]	(3,5]	(3,5]
149	*	*	*	*	*	*	*	*	*	*	*	*	(3,5]	(3,5]	(3,5]	(3,5]	(3,5]	(3,5]	(3,5]	(3,5]
15	*	*	*	*	(1,3]	(1,3]	(3,5]	(3,5]	(3,5]	(3,5]	(3,5]	(3,5]	(3,5]	(3,5]	(3,5]	(3,5]	(3,5]	(3,5]	(3,5]	(3,5]
150	*	*	*	*	*	*	(3,5]	(3,5]	(3,5]	(3,5]	*	*	*	*	*	(5,10]	(5,10]	(5,10]	(5,10]	(5,10]
151	(1,3]	(1,3]	(1,3]	(1,3]	(1,3]	(1,3]	(1,3]	(1,3]	(1,3]	(1,3]	(1,3]	(1,3]	(1,3]	(1,3]	(1,3]	(1,3]	(1,3]	(1,3]	(1,3]	(1,3]
155	(5,10]	(5,10]	(5,10]	(5,10]	(5,10]	(5,10]	(5,10]	(5,10]	%	%	%	%	%	%	%	%	%	%	%	%
156	*	*	(1,3]	(1,3]	(1,3]	(1,3]	(1,3]	(1,3]	(1,3]	(1,3]	(1,3]	(1,3]	(1,3]	(1,3]	(1,3]	(1,3]	(1,3]	(1,3]	(1,3]	(1,3]
157	(1,3]	(1,3]	(1,3]	(1,3]	(1,3]	(1,3]	(1,3]	(1,3]	(1,3]	(1,3]	(1,3]	(1,3]	(1,3]	(1,3]	(1,3]	(1,3]	(1,3]	(1,3]	(1,3]	(1,3]
158	[0,1]	[0,1]	[0,1]	(1,3]	(1,3]	(1,3]	(1,3]	(1,3]	(1,3]	(1,3]	(1,3]	(1,3]	(1,3]	(1,3]	(1,3]	(1,3]	(1,3]	(1,3]	(1,3]	(1,3]
16	(1,3]	(1,3]	(1,3]	(1,3]	(1,3]	(1,3]	(1,3]	(1,3]	(1,3]	(1,3]	(1,3]	(1,3]	(1,3]	(1,3]	(1,3]	(1,3]	(1,3]	(1,3]	(1,3]	(1,3]
160	(5,10]	(5,10]	(5,10]	(5,10]	(5,10]	(5,10]	(5,10]	(5,10]	(5,10]	(5,10]	(5,10]	(5,10]	(5,10]	(5,10]	(5,10]	(5,10]	(5,10]	(5,10]	(5,10]	(5,10]
161	(10,20]	(10,20]	(10,20]	(10,20]	(10,20]	(10,20]	(10,20]	(10,20]	(10,20]	(10,20]	(10,20]	(10,20]	(10,20]	(10,20]	(10,20]	(10,20]	(10,20]	(10,20]	(10,20]	(10,20]
162	(3,5]	(3,5]	(3,5]	(3,5]	(3,5]	(3,5]	(3,5]	(3,5]	(3,5]	(3,5]	(3,5]	(3,5]	(3,5]	(3,5]	(1,3]	(1,3]	(1,3]	(1,3]	(1,3]	(1,3]
163	*	*	*	*	*	*	*	*	*	(1,3]	(1,3]	(1,3]	(1,3]	(1,3]	[0,1]	[0,1]	[0,1]	[0,1]	[0,1]	[0,1]
164	(1,3]	(1,3]	(1,3]	(1,3]	(1,3]	(1,3]	(1,3]	(1,3]	(1,3]	(1,3]	(1,3]	(1,3]	(1,3]	(1,3]	(1,3]	(1,3]	(1,3]	(1,3]	(1,3]	(1,3]
166	*	*	*	*	*	*	*	*	*	*	*	*	*	*	*	*	*	*	(5,10]	(5,10]
168	*	*	*	*	*	*	*	*	*	*	*	*	*	*	*	*	*	*	[0,1]	[0,1]
169	(3,5]	(3,5]	(3,5]	(3,5]	(3,5]	(3,5]	(3,5]	(3,5]	(3,5]	(3,5]	(3,5]	(3,5]	(3,5]	(3,5]	(3,5]	(3,5]	(3,5]	%	%	%
17	(1,3]	(1,3]	(1,3]	(1,3]	(1,3]	(1,3]	(1,3]	(1,3]	(1,3]	(1,3]	(1,3]	(1,3]	(3,5]	(3,5]	(3,5]	(3,5]	(3,5]	(3,5]	(3,5]	(3,5]
170	*	*	*	*	(1,3]	(1,3]	(1,3]	(1,3]	(1,3]	(1,3]	(1,3]	(1,3]	(1,3]	(1,3]	(1,3]	(1,3]	(1,3]	(1,3]	(1,3]	(1,3]
172	(3,5]	(3,5]	(3,5]	(3,5]	(3,5]	(3,5]	(3,5]	(3,5]	(3,5]	(3,5]	(3,5]	(3,5]	(3,5]	(3,5]	(3,5]	(3,5]	(3,5]	(3,5]	(3,5]	(3,5]
173	*	*	*	*	*	*	*	*	*	*	*	*	*	*	*	*	*	(10,20]	(10,20]	(10,20]
174	*	*	*	*	*	*	*	*	*	*	*	*	*	(10,20]	(10,20]	(10,20]	(10,20]	(10,20]	(10,20]	(10,20]
175	(5,10]	(5,10]	(5,10]	(5,10]	(5,10]	(5,10]	(5,10]	(5,10]	(5,10]	(5,10]	(5,10]	(5,10]	(5,10]	(5,10]	(5,10]	(5,10]	(5,10]	(5,10]	(5,10]	(5,10]
176	*	*	*	*	*	*	*	*	*	*	*	*	*	*	*	*	*	*	*	[0,1]
179	[0,1]	(3,5]	(3,5]	(3,5]	(3,5]	(3,5]	(1,3]	(1,3]	(1,3]	(1,3]	(1,3]	%	%	%	%	%	%	%	%	%
18	*	*	*	*	*	*	(5,10]	(5,10]	(5,10]	(5,10]	(5,10]	(5,10]	(5,10]	(5,10]	(5,10]	(5,10]	(5,10]	(5,10]	(5,10]	(5,10]
180	(3,5]	(3,5]	(3,5]	(3,5]	(3,5]	(3,5]	(3,5]	(3,5]	(3,5]	(3,5]	(3,5]	(3,5]	(3,5]	(3,5]	(3,5]	(3,5]	(3,5]	(3,5]	(3,5]	(3,5]
181	*	*	*	*	*	*	*	*	*	*	*	[0,1]	(1,3]	(1,3]	(3,5]	%	%	%	%	%
183	*	*	*	*	*	*	*	*	*	*	*	*	*	(1,3]	(1,3]	(1,3]	(1,3]	(1,3]	(1,3]	(1,3]
185	*	*	*	*	*	*	*	*	*	*	*	*	*	*	*	*	*	*	(1,3]	(1,3]
187	(3,5]	(3,5]	(3,5]	(3,5]	(3,5]	(3,5]	(3,5]	(3,5]	(3,5]	(3,5]	(3,5]	(3,5]	(3,5]	(3,5]	(3,5]	(3,5]	(3,5]	(3,5]	(3,5]	(3,5]
188	(3,5]	(3,5]	(3,5]	(3,5]	(3,5]	(3,5]	(3,5]	(3,5]	(3,5]	(3,5]	(3,5]	(3,5]	(3,5]	(3,5]	(3,5]	(3,5]	(3,5]	(3,5]	(3,5]	(3,5]
189	*	*	*	*	*	*	*	*	*	*	*	*	*	*	*	*	(5,10]	(5,10]	(5,10]	(5,10]
19	*	*	*	*	*	*	*	*	*	*	*	*	*	*	*	*	[0,1]	[0,1]	[0,1]	[0,1]
190	*	*	(3,5]	(3,5]	(3,5]	(3,5]	(3,5]	(3,5]	(3,5]	(3,5]	(3,5]	(3,5]	(3,5]	(1,3]	(1,3]	(1,3]	(1,3]	(1,3]	(1,3]	(1,3]
191	*	(5,10]	(5,10]	(5,10]	(5,10]	(5,10]	(5,10]	(5,10]	(5,10]	(5,10]	(5,10]	(5,10]	(5,10]	(5,10]	(5,10]	(5,10]	(5,10]	(5,10]	(5,10]	(5,10]
192	(5,10]	(5,10]	(5,10]	(5,10]	(5,10]	(5,10]	(5,10]	(5,10]	(5,10]	(5,10]	(5,10]	(5,10]	(5,10]	(5,10]	(5,10]	(5,10]	(5,10]	(5,10]	(5,10]	(5,10]
194	*	*	*	*	*	*	(1,3]	(1,3]	(1,3]	(1,3]	(1,3]	(1,3]	(1,3]	(1,3]	(1,3]	(1,3]	(1,3]	(1,3]	(1,3]	(1,3]
196	(1,3]	(1,3]	(1,3]	(1,3]	(1,3]	(1,3]	(1,3]	(1,3]	(1,3]	(1,3]	(1,3]	(1,3]	(1,3]	(1,3]	(1,3]	(1,3]	(1,3]	(1,3]	(1,3]	(1,3]
197	*	*	*	*	*	*	*	*	*	*	[0,1]	[0,1]	[0,1]	[0,1]	[0,1]	[0,1]	[0,1]	[0,1]	(1,3]	(1,3]
198	*	*	*	*	*	*	*	*	*	*	*	*	*	*	*	(3,5]	(3,5]	(3,5]	(3,5]	(3,5]
199	*	*	*	*	*	*	*	*	*	*	*	*	*	*	*	*	*	*	*	(5,10]
2	*	*	*	(1,3]	(1,3]	(1,3]	(1,3]	(1,3]	(1,3]	(1,3]	(1,3]	(1,3]	(1,3]	(1,3]	(1,3]	(1,3]	(1,3]	(1,3]	(1,3]	(1,3]
20	*	*	*	*	*	*	*	*	*	*	*	*	*	*	(5,10]	(5,10]	(5,10]	(5,10]	(5,10]	(5,10]
200	[0,1]	[0,1]	[0,1]	[0,1]	[0,1]	[0,1]	(3,5]	(3,5]	(3,5]	(3,5]	(3,5]	(3,5]	(3,5]	(3,5]	(5,10]	(5,10]	(5,10]	(5,10]	(5,10]	(5,10]
202	*	*	*	*	*	*	*	*	*	*	*	*	*	*	*	*	*	(5,10]	(5,10]	(5,10]
203	*	*	*	*	*	*	[0,1]	[0,1]	[0,1]	[0,1]	[0,1]	[0,1]	[0,1]	(1,3]	(1,3]	(1,3]	(1,3]	(1,3]	(1,3]	(1,3]
205	*	*	*	*	*	*	(5,10]	(5,10]	(5,10]	(5,10]	(5,10]	(5,10]	(5,10]	(5,10]	(5,10]	(5,10]	(5,10]	(5,10]	(5,10]	(5,10]
207	*	*	*	*	(1,3]	(1,3]	(3,5]	(3,5]	(3,5]	(3,5]	(3,5]	(3,5]	(3,5]	(3,5]	(3,5]	(3,5]	(3,5]	(3,5]	(3,5]	(3,5]
209	(1,3]	(1,3]	(1,3]	(1,3]	(1,3]	(1,3]	(1,3]	(1,3]	(1,3]	(1,3]	(1,3]	(1,3]	(3,5]	(3,5]	(3,5]	(3,5]	(3,5]	(3,5]	(3,5]	(3,5]
210	*	*	*	*	*	*	(3,5]	(3,5]	(3,5]	(3,5]	(3,5]	(3,5]	(3,5]	(3,5]	(3,5]	(3,5]	(3,5]	(3,5]	(3,5]	(3,5]
211	*	*	*	*	*	(3,5]	(3,5]	(3,5]	(3,5]	(3,5]	(3,5]	(3,5]	(3,5]	(3,5]	(5,10]	(5,10]	(5,10]	(5,10]	(5,10]	(5,10]
212	[0,1]	[0,1]	[0,1]	[0,1]	[0,1]	[0,1]	[0,1]	[0,1]	[0,1]	[0,1]	[0,1]	[0,1]	[0,1]	[0,1]	[0,1]	[0,1]	[0,1]	[0,1]	[0,1]	[0,1]
215	(1,3]	(1,3]	(1,3]	(1,3]	(1,3]	(1,3]	(1,3]	(1,3]	(1,3]	(1,3]	(1,3]	(1,3]	(1,3]	(1,3]	(1,3]	(1,3]	(1,3]	(1,3]	(1,3]	(1,3]
216	(1,3]	(1,3]	(1,3]	(1,3]	(1,3]	(1,3]	(1,3]	(1,3]	(1,3]	(5,10]	(5,10]	(3,5]	(3,5]	(3,5]	(1,3]	(1,3]	(1,3]	(1,3]	(1,3]	(1,3]
217	(3,5]	(3,5]	(3,5]	(3,5]	(3,5]	(3,5]	(3,5]	(3,5]	(3,5]	(3,5]	(3,5]	(3,5]	(3,5]	(3,5]	(3,5]	(3,5]	(3,5]	(3,5]	(3,5]	(3,5]
218	(5,10]	(5,10]	(5,10]	(5,10]	(5,10]	(5,10]	(5,10]	(5,10]	(5,10]	(5,10]	(5,10]	(5,10]	(5,10]	(5,10]	(5,10]	(5,10]	(5,10]	(5,10]	(5,10]	(5,10]
22	*	*	*	*	*	*	*	*	*	*	*	*	*	*	(10,20]	(10,20]	(10,20]	(10,20]	(10,20]	(10,20]
222	*	(3,5]	(3,5]	(3,5]	(3,5]	(3,5]	(3,5]	(3,5]	(3,5]	(3,5]	(3,5]	(3,5]	(3,5]	(3,5]	(3,5]	(3,5]	(3,5]	(3,5]	(3,5]	(3,5]
223	*	[0,1]	[0,1]	[0,1]	[0,1]	[0,1]	[0,1]	(3,5]	(3,5]	(3,5]	(3,5]	(3,5]	(3,5]	(3,5]	(3,5]	(3,5]	(3,5]	(3,5]	(3,5]	(3,5]
224	(1,3]	(1,3]	(1,3]	(1,3]	(1,3]	(1,3]	(1,3]	(1,3]	(1,3]	(1,3]	(1,3]	(1,3]	(1,3]	(1,3]	(1,3]	(1,3]	(1,3]	(1,3]	(1,3]	(1,3]
225	*	*	*	(5,10]	(5,10]	(5,10]	(5,10]	(5,10]	(5,10]	(5,10]	(5,10]	(5,10]	(5,10]	(5,10]	(5,10]	(5,10]	(5,10]	(5,10]	(5,10]	(5,10]
227	[0,1]	[0,1]	[0,1]	[0,1]	[0,1]	[0,1]	[0,1]	[0,1]	[0,1]	[0,1]	[0,1]	[0,1]	[0,1]	[0,1]	[0,1]	[0,1]	[0,1]	[0,1]	[0,1]	[0,1]
228	[0,1]	[0,1]	[0,1]	[0,1]	[0,1]	[0,1]	[0,1]	[0,1]	[0,1]	[0,1]	[0,1]	[0,1]	[0,1]	[0,1]	[0,1]	[0,1]	[0,1]	[0,1]	[0,1]	[0,1]
229	*	*	*	(1,3]	(1,3]	(1,3]	(1,3]	(1,3]	(1,3]	(1,3]	(1,3]	(1,3]	(1,3]	(1,3]	(1,3]	(1,3]	(1,3]	(1,3]	(1,3]	(1,3]
23	*	*	*	*	*	*	*	*	*	*	*	*	*	*	*	*	(1,3]	(1,3]	(1,3]	(1,3]
230	(3,5]	(3,5]	(3,5]	(3,5]	(3,5]	(3,5]	(1,3]	(1,3]	(1,3]	(1,3]	(1,3]	(1,3]	(1,3]	(1,3]	(1,3]	(1,3]	(1,3]	(1,3]	(1,3]	(1,3]
231	*	*	*	*	*	*	*	(5,10]	(5,10]	(5,10]	(5,10]	(3,5]	(3,5]	(1,3]	(1,3]	(1,3]	(1,3]	(1,3]	(1,3]	(1,3]
232	(1,3]	(1,3]	(1,3]	(1,3]	(1,3]	(1,3]	(1,3]	(1,3]	(1,3]	(1,3]	(1,3]	(1,3]	(1,3]	(1,3]	(1,3]	(1,3]	(1,3]	(1,3]	(1,3]	(1,3]
234	(1,3]	(1,3]	(1,3]	(1,3]	(1,3]	(1,3]	(1,3]	(1,3]	(1,3]	(1,3]	(1,3]	(1,3]	(1,3]	(1,3]	(1,3]	(1,3]	(1,3]	(1,3]	(1,3]	(1,3]
235	(10,20]	(10,20]	(10,20]	(10,20]	(10,20]	(10,20]	(10,20]	(10,20]	(10,20]	(10,20]	(10,20]	(10,20]	(10,20]	(10,20]	(10,20]	(10,20]	(10,20]	(10,20]	(10,20]	(10,20]
236	(1,3]	(1,3]	(1,3]	(1,3]	(1,3]	(1,3]	(1,3]	(1,3]	(1,3]	(1,3]	(1,3]	(1,3]	(1,3]	(1,3]	(1,3]	(1,3]	(1,3]	(1,3]	(1,3]	(1,3]
237	*	(3,5]	(3,5]	(3,5]	(3,5]	(3,5]	(3,5]	(3,5]	(3,5]	(3,5]	(5,10]	(5,10]	(5,10]	(5,10]	(5,10]	(5,10]	(5,10]	(5,10]	(5,10]	(5,10]
238	(5,10]	(5,10]	(5,10]	(5,10]	(3,5]	(3,5]	(3,5]	(3,5]	(3,5]	(3,5]	(3,5]	(3,5]	(3,5]	(3,5]	(3,5]	(3,5]	(3,5]	(3,5]	(3,5]	(3,5]
239	(10,20]	(10,20]	(10,20]	(10,20]	(10,20]	(10,20]	(10,20]	(10,20]	(10,20]	(10,20]	(10,20]	(10,20]	(10,20]	(10,20]	(10,20]	(10,20]	(10,20]	(10,20]	(10,20]	(10,20]
240	(10,20]	(10,20]	(10,20]	(10,20]	(10,20]	(10,20]	(10,20]	(10,20]	(10,20]	(5,10]	(5,10]	*	*	*	(3,5]	(3,5]	(3,5]	(3,5]	(3,5]	(3,5]
241	*	*	*	*	*	*	*	*	*	*	*	*	(3,5]	(3,5]	(3,5]	(3,5]	(3,5]	(3,5]	(3,5]	(3,5]
242	*	*	*	*	*	*	*	*	*	*	*	*	(1,3]	(1,3]	(1,3]	(5,10]	(5,10]	(5,10]	(5,10]	(5,10]
243	(1,3]	(1,3]	(1,3]	(1,3]	(1,3]	(1,3]	(1,3]	(1,3]	(1,3]	(1,3]	(1,3]	(1,3]	(1,3]	(1,3]	(1,3]	(1,3]	(1,3]	(1,3]	(1,3]	(1,3]
245	(5,10]	(5,10]	(5,10]	(5,10]	(5,10]	(3,5]	(3,5]	(3,5]	(3,5]	(3,5]	(3,5]	(3,5]	(3,5]	(3,5]	(3,5]	(3,5]	(1,3]	(1,3]	(1,3]	(1,3]
246	(5,10]	(5,10]	(5,10]	(5,10]	(5,10]	(5,10]	(5,10]	(5,10]	(5,10]	(5,10]	(5,10]	(5,10]	(5,10]	(5,10]	(5,10]	(5,10]	(5,10]	(5,10]	(5,10]	(5,10]
247	*	*	*	*	*	*	*	*	*	*	*	*	*	*	*	*	(3,5]	(3,5]	(3,5]	(3,5]
248	(5,10]	(5,10]	(5,10]	(5,10]	(5,10]	(5,10]	(5,10]	(5,10]	(5,10]	(5,10]	(5,10]	(5,10]	(5,10]	(5,10]	(5,10]	(5,10]	(5,10]	(5,10]	(5,10]	(5,10]
249	[0,1]	[0,1]	(5,10]	(5,10]	(5,10]	(5,10]	(5,10]	(5,10]	(5,10]	(5,10]	(5,10]	(5,10]	(5,10]	(5,10]	(5,10]	(5,10]	(5,10]	(5,10]	(5,10]	(5,10]
25	*	*	*	*	*	*	*	*	*	*	*	*	*	*	*	*	(1,3]	(1,3]	(1,3]	(1,3]
250	(3,5]	(3,5]	(3,5]	(3,5]	(3,5]	(3,5]	(3,5]	(3,5]	(3,5]	(3,5]	(3,5]	(3,5]	(3,5]	(3,5]	(3,5]	(3,5]	(3,5]	(3,5]	(3,5]	(3,5]
251	(10,20]	(10,20]	(10,20]	(10,20]	(10,20]	(10,20]	(10,20]	(10,20]	(10,20]	(10,20]	(10,20]	(10,20]	(10,20]	(10,20]	(10,20]	(10,20]	(10,20]	(10,20]	(10,20]	(10,20]
254	*	*	*	*	(1,3]	(1,3]	(1,3]	(1,3]	(1,3]	(1,3]	(1,3]	(1,3]	(1,3]	(1,3]	(1,3]	(1,3]	(1,3]	(1,3]	(1,3]	(1,3]
255	*	*	*	*	*	*	*	*	*	*	*	*	*	*	*	*	(3,5]	(3,5]	(3,5]	(3,5]
256	*	*	*	*	*	(3,5]	(3,5]	(3,5]	(3,5]	(3,5]	(3,5]	(3,5]	(3,5]	(3,5]	(3,5]	(3,5]	(3,5]	(3,5]	(3,5]	(3,5]
258	*	*	*	*	*	*	[0,1]	[0,1]	(3,5]	(3,5]	(5,10]	(5,10]	(5,10]	*	(5,10]	(5,10]	(5,10]	(5,10]	(5,10]	(5,10]
259	(5,10]	(5,10]	(5,10]	(5,10]	(5,10]	(5,10]	(5,10]	(5,10]	(5,10]	(5,10]	(5,10]	(5,10]	(5,10]	(5,10]	(5,10]	(5,10]	(5,10]	(5,10]	(5,10]	(5,10]
262	*	*	*	*	*	*	*	*	*	*	*	*	*	*	*	*	(1,3]	(1,3]	(1,3]	(1,3]
264	(1,3]	(1,3]	(1,3]	(1,3]	(1,3]	(1,3]	(1,3]	(1,3]	(1,3]	(1,3]	(1,3]	(1,3]	(1,3]	(1,3]	(1,3]	(1,3]	(1,3]	(1,3]	(1,3]	(1,3]
265	(1,3]	(1,3]	(1,3]	(1,3]	(1,3]	(1,3]	(1,3]	(1,3]	(1,3]	(1,3]	(1,3]	(1,3]	(1,3]	(1,3]	(1,3]	(1,3]	(1,3]	(1,3]	(1,3]	(1,3]
266	(5,10]	(5,10]	(5,10]	(5,10]	(5,10]	(5,10]	%	%	%	%	%	%	%	%	%	%	%	%	%	%
267	(1,3]	(1,3]	(1,3]	(1,3]	(1,3]	(1,3]	(1,3]	(1,3]	(1,3]	(1,3]	(1,3]	(1,3]	(1,3]	(1,3]	(1,3]	(1,3]	(1,3]	(1,3]	(1,3]	(1,3]
268	(3,5]	(3,5]	(3,5]	(3,5]	(3,5]	(3,5]	(3,5]	(3,5]	(3,5]	(3,5]	(3,5]	(3,5]	(3,5]	(3,5]	(3,5]	(3,5]	(3,5]	(3,5]	(3,5]	(3,5]
27	*	*	*	*	*	*	*	*	*	*	*	*	*	*	*	(3,5]	(3,5]	(3,5]	(3,5]	(3,5]
271	*	*	*	*	*	*	*	*	*	(3,5]	(3,5]	(3,5]	(3,5]	(3,5]	(3,5]	(3,5]	(3,5]	(3,5]	(3,5]	(3,5]
272	(1,3]	(1,3]	(1,3]	(1,3]	(1,3]	(1,3]	(1,3]	(1,3]	(1,3]	(1,3]	(1,3]	(1,3]	(1,3]	(1,3]	(1,3]	(1,3]	(1,3]	(1,3]	(1,3]	(1,3]
273	*	*	*	*	*	*	*	*	*	*	*	*	*	*	*	(1,3]	(1,3]	(1,3]	(1,3]	(1,3]
274	*	*	*	*	*	*	*	*	*	*	*	*	*	*	*	*	(3,5]	(3,5]	(3,5]	(3,5]
275	*	*	*	*	*	*	*	*	[0,1]	[0,1]	(3,5]	(3,5]	(3,5]	(3,5]	(1,3]	(1,3]	(1,3]	(1,3]	(1,3]	(1,3]
276	(5,10]	(5,10]	(5,10]	(5,10]	(5,10]	(5,10]	(5,10]	(5,10]	(5,10]	(5,10]	(5,10]	(5,10]	(5,10]	(5,10]	(5,10]	(5,10]	(5,10]	(5,10]	(5,10]	(5,10]
278	*	*	*	*	*	*	*	*	*	*	*	*	*	*	*	*	(5,10]	(5,10]	(5,10]	(5,10]
28	*	*	*	*	*	*	*	*	*	*	*	*	*	*	(1,3]	(1,3]	(1,3]	(1,3]	(1,3]	(1,3]
280	(3,5]	(3,5]	(5,10]	(10,20]	(10,20]	(10,20]	(10,20]	(10,20]	(10,20]	(10,20]	(10,20]	(10,20]	(10,20]	(10,20]	(10,20]	(10,20]	(10,20]	(10,20]	(10,20]	(10,20]
282	(1,3]	(1,3]	(1,3]	(5,10]	(5,10]	(5,10]	(5,10]	(5,10]	(5,10]	(5,10]	(5,10]	(5,10]	(5,10]	(5,10]	(5,10]	(5,10]	(5,10]	(5,10]	(5,10]	(5,10]
283	(1,3]	(1,3]	(1,3]	(1,3]	(1,3]	(1,3]	(1,3]	%	%	%	%	%	%	%	%	%	%	%	%	%
284	*	*	*	*	*	*	*	*	(10,20]	%	%	%	%	%	%	%	%	%	%	%
285	(10,20]	(10,20]	(10,20]	(10,20]	(10,20]	(10,20]	(10,20]	(10,20]	(10,20]	(10,20]	(10,20]	(10,20]	(10,20]	(10,20]	(10,20]	(10,20]	(10,20]	(10,20]	(10,20]	(10,20]
286	(5,10]	(5,10]	(5,10]	(5,10]	(5,10]	(3,5]	(3,5]	(3,5]	(3,5]	(3,5]	(3,5]	(3,5]	(5,10]	(5,10]	(5,10]	(5,10]	(5,10]	(5,10]	(5,10]	(5,10]
287	*	*	*	*	*	*	*	*	*	*	*	[0,1]	[0,1]	[0,1]	(1,3]	(1,3]	(1,3]	(1,3]	(1,3]	(1,3]
288	*	*	*	*	*	*	*	*	*	*	*	*	*	*	*	*	*	*	[0,1]	[0,1]
289	*	*	[0,1]	[0,1]	[0,1]	[0,1]	[0,1]	[0,1]	[0,1]	[0,1]	[0,1]	[0,1]	[0,1]	[0,1]	[0,1]	[0,1]	[0,1]	[0,1]	[0,1]	[0,1]
29	(1,3]	(1,3]	(1,3]	(1,3]	(1,3]	(1,3]	(1,3]	(1,3]	(1,3]	(1,3]	(1,3]	(1,3]	(1,3]	(1,3]	(1,3]	(1,3]	(1,3]	(1,3]	(1,3]	(1,3]
291	*	*	*	*	*	(5,10]	(5,10]	(5,10]	(5,10]	(5,10]	(5,10]	(5,10]	(5,10]	(5,10]	(5,10]	(5,10]	(5,10]	(5,10]	(5,10]	(5,10]
292	*	*	*	*	*	*	*	*	*	*	*	*	*	*	*	*	*	*	(3,5]	(3,5]
293	*	*	(5,10]	(5,10]	(5,10]	(5,10]	(5,10]	(5,10]	(5,10]	(5,10]	(5,10]	(5,10]	(5,10]	(5,10]	(5,10]	(5,10]	(5,10]	(5,10]	(5,10]	(5,10]
295	*	*	*	*	*	*	*	*	(1,3]	(1,3]	(1,3]	(1,3]	(1,3]	(1,3]	(1,3]	(1,3]	(1,3]	(1,3]	(1,3]	(1,3]
296	(1,3]	(1,3]	(1,3]	(1,3]	[0,1]	[0,1]	[0,1]	[0,1]	[0,1]	[0,1]	[0,1]	[0,1]	[0,1]	[0,1]	[0,1]	[0,1]	[0,1]	[0,1]	[0,1]	[0,1]
297	(1,3]	(1,3]	(1,3]	(1,3]	(1,3]	(1,3]	(1,3]	(1,3]	(1,3]	(1,3]	(1,3]	(1,3]	(1,3]	(1,3]	(1,3]	(1,3]	(1,3]	(1,3]	(1,3]	(1,3]
298	(3,5]	(3,5]	(3,5]	(3,5]	(3,5]	(3,5]	(3,5]	(3,5]	(3,5]	(3,5]	(3,5]	(3,5]	(3,5]	(3,5]	(3,5]	(3,5]	(3,5]	(3,5]	(3,5]	(3,5]
299	(1,3]	(1,3]	(1,3]	(1,3]	(1,3]	(1,3]	(1,3]	(1,3]	(1,3]	(5,10]	(5,10]	(5,10]	(5,10]	(5,10]	(5,10]	(5,10]	(5,10]	(5,10]	(5,10]	(5,10]
3	*	*	*	*	*	*	*	*	*	*	*	*	*	*	(1,3]	(1,3]	(1,3]	(3,5]	(3,5]	(3,5]
30	(10,20]	(10,20]	(10,20]	(10,20]	(10,20]	(10,20]	(10,20]	(10,20]	(10,20]	(10,20]	(10,20]	(10,20]	(10,20]	(10,20]	(10,20]	(10,20]	(10,20]	(10,20]	(10,20]	(10,20]
300	(5,10]	(5,10]	(5,10]	(5,10]	(5,10]	(5,10]	(5,10]	(5,10]	(5,10]	(5,10]	(5,10]	(5,10]	(5,10]	(5,10]	(5,10]	(5,10]	(5,10]	(5,10]	(5,10]	(5,10]
301	(5,10]	(5,10]	(5,10]	(5,10]	(5,10]	(5,10]	(5,10]	(5,10]	(5,10]	(5,10]	(5,10]	(5,10]	(5,10]	(5,10]	(5,10]	(5,10]	(5,10]	(5,10]	(5,10]	(5,10]
303	(1,3]	(1,3]	(1,3]	(1,3]	(1,3]	(1,3]	(1,3]	(1,3]	(1,3]	(1,3]	(1,3]	(1,3]	(1,3]	(1,3]	(1,3]	(1,3]	(1,3]	(1,3]	(1,3]	(1,3]
304	(1,3]	(1,3]	(1,3]	(1,3]	(1,3]	(5,10]	(5,10]	(5,10]	(5,10]	(5,10]	(5,10]	(5,10]	(5,10]	(5,10]	(5,10]	(5,10]	(5,10]	(5,10]	(5,10]	(5,10]
306	(5,10]	(5,10]	(5,10]	(5,10]	(5,10]	(5,10]	(5,10]	(5,10]	(5,10]	(5,10]	(5,10]	(5,10]	(5,10]	(5,10]	(5,10]	(5,10]	(5,10]	(5,10]	(5,10]	(5,10]
309	*	*	*	*	*	*	*	*	(3,5]	(3,5]	(3,5]	(3,5]	(3,5]	(3,5]	(3,5]	(3,5]	(3,5]	(3,5]	(3,5]	(3,5]
31	(10,20]	(10,20]	(10,20]	(10,20]	(10,20]	(10,20]	(10,20]	(10,20]	(10,20]	(10,20]	(10,20]	(10,20]	(10,20]	(5,10]	(5,10]	(5,10]	(5,10]	(5,10]	(5,10]	(5,10]
310	(3,5]	(3,5]	(3,5]	(3,5]	(1,3]	(1,3]	(1,3]	(1,3]	(1,3]	(1,3]	(1,3]	(1,3]	(1,3]	(1,3]	(1,3]	(1,3]	(1,3]	(1,3]	(1,3]	(1,3]
311	*	*	*	*	*	*	*	*	*	*	*	*	*	*	*	*	*	*	*	(5,10]
312	(5,10]	(5,10]	(5,10]	(5,10]	(5,10]	(5,10]	(5,10]	(5,10]	(5,10]	(5,10]	(5,10]	(5,10]	(5,10]	(5,10]	(5,10]	(5,10]	(5,10]	(5,10]	(5,10]	(5,10]
315	(1,3]	(1,3]	(1,3]	(1,3]	(1,3]	(1,3]	(1,3]	(1,3]	(1,3]	(1,3]	(1,3]	(1,3]	(1,3]	(1,3]	(1,3]	(1,3]	(1,3]	(1,3]	(1,3]	(1,3]
317	(1,3]	(1,3]	(1,3]	(1,3]	(1,3]	(1,3]	(1,3]	(1,3]	(1,3]	(1,3]	(1,3]	(1,3]	(1,3]	(1,3]	(1,3]	(1,3]	(1,3]	(1,3]	(1,3]	(1,3]
319	*	*	*	*	*	(5,10]	(5,10]	(5,10]	(5,10]	(5,10]	(5,10]	(5,10]	(5,10]	(5,10]	(5,10]	(5,10]	(5,10]	(5,10]	(5,10]	(5,10]
32	*	*	*	*	*	*	*	*	*	*	*	*	*	*	*	*	*	*	*	(5,10]
320	*	*	*	*	(5,10]	(5,10]	(5,10]	(5,10]	(5,10]	(5,10]	(5,10]	(5,10]	(5,10]	(3,5]	(3,5]	(3,5]	(3,5]	(3,5]	(3,5]	(3,5]
321	(3,5]	(3,5]	(3,5]	(3,5]	(3,5]	(3,5]	(3,5]	(3,5]	(3,5]	(3,5]	(3,5]	(3,5]	(3,5]	(3,5]	%	%	%	%	%	%
322	(3,5]	(3,5]	(3,5]	(3,5]	(3,5]	(3,5]	(3,5]	(3,5]	(3,5]	(3,5]	(3,5]	(3,5]	(3,5]	(3,5]	(3,5]	(3,5]	(3,5]	(3,5]	(3,5]	(3,5]
324	(1,3]	(1,3]	(1,3]	(1,3]	(1,3]	(1,3]	(1,3]	(1,3]	(1,3]	(1,3]	(1,3]	(1,3]	(1,3]	(1,3]	(1,3]	(1,3]	(1,3]	(1,3]	(1,3]	(1,3]
325	(3,5]	(3,5]	(3,5]	(3,5]	(3,5]	(3,5]	(3,5]	(3,5]	(3,5]	(3,5]	(3,5]	(3,5]	(3,5]	(3,5]	(3,5]	(3,5]	(3,5]	(3,5]	(3,5]	(3,5]
326	*	*	*	(5,10]	(5,10]	(5,10]	(5,10]	(5,10]	(5,10]	(5,10]	(5,10]	(5,10]	(5,10]	(5,10]	(5,10]	(5,10]	(5,10]	(5,10]	(5,10]	(5,10]
328	(1,3]	(1,3]	(1,3]	(1,3]	(1,3]	(1,3]	(1,3]	(1,3]	(1,3]	(1,3]	(1,3]	(1,3]	(1,3]	(1,3]	(1,3]	(1,3]	(1,3]	(1,3]	(1,3]	(1,3]
329	(1,3]	(1,3]	(1,3]	(1,3]	(1,3]	(1,3]	(1,3]	(1,3]	(1,3]	(1,3]	(1,3]	(1,3]	(1,3]	(1,3]	(1,3]	(1,3]	(1,3]	(1,3]	(1,3]	(1,3]
33	[0,1]	[0,1]	[0,1]	[0,1]	[0,1]	(1,3]	(1,3]	(1,3]	(1,3]	(1,3]	(1,3]	(1,3]	(1,3]	(1,3]	(1,3]	(1,3]	(1,3]	(1,3]	(1,3]	(1,3]
330	(3,5]	(3,5]	(3,5]	(3,5]	(3,5]	(3,5]	(3,5]	(3,5]	(3,5]	(3,5]	(3,5]	(3,5]	(3,5]	(3,5]	(3,5]	(3,5]	(3,5]	(3,5]	(3,5]	(3,5]
332	(1,3]	(1,3]	(1,3]	(1,3]	(1,3]	(1,3]	(1,3]	(1,3]	(1,3]	(1,3]	(1,3]	(1,3]	(1,3]	(1,3]	%	%	%	%	%	%
335	(5,10]	(5,10]	(5,10]	(5,10]	(5,10]	(5,10]	(5,10]	(5,10]	(5,10]	(5,10]	(5,10]	(5,10]	(5,10]	(5,10]	(5,10]	(5,10]	(5,10]	(5,10]	(5,10]	(5,10]
336	*	*	*	*	*	*	*	*	*	*	*	*	*	(5,10]	(5,10]	(5,10]	(5,10]	(5,10]	(5,10]	(5,10]
338	(1,3]	(1,3]	(1,3]	(1,3]	(1,3]	(1,3]	(1,3]	(1,3]	(1,3]	(1,3]	(1,3]	(1,3]	(1,3]	(1,3]	(1,3]	(1,3]	(1,3]	(1,3]	(1,3]	(1,3]
339	(3,5]	(3,5]	(3,5]	(3,5]	(3,5]	(3,5]	(3,5]	(3,5]	(3,5]	(3,5]	(3,5]	(3,5]	(3,5]	(3,5]	(3,5]	(3,5]	(3,5]	(3,5]	(3,5]	(3,5]
34	(3,5]	(3,5]	(3,5]	(3,5]	(3,5]	(3,5]	(3,5]	(3,5]	(3,5]	(3,5]	(3,5]	(3,5]	(3,5]	(3,5]	(3,5]	(3,5]	(3,5]	(3,5]	(3,5]	(3,5]
340	*	*	*	*	*	*	*	(1,3]	(1,3]	(1,3]	(1,3]	(1,3]	(1,3]	(1,3]	(1,3]	(1,3]	(1,3]	(1,3]	(1,3]	(1,3]
341	(3,5]	(3,5]	(3,5]	(3,5]	(3,5]	(3,5]	(3,5]	(3,5]	(3,5]	(3,5]	(3,5]	(3,5]	(3,5]	(3,5]	(3,5]	(3,5]	(3,5]	(3,5]	(3,5]	(3,5]
343	*	*	*	*	*	*	*	*	*	(1,3]	(1,3]	(1,3]	(1,3]	(1,3]	(1,3]	(5,10]	(5,10]	(5,10]	(5,10]	%
344	(1,3]	(1,3]	(1,3]	(1,3]	(1,3]	(1,3]	(1,3]	(1,3]	(1,3]	(1,3]	(1,3]	(5,10]	(5,10]	(5,10]	(5,10]	(5,10]	(5,10]	(5,10]	(5,10]	(5,10]
345	*	*	*	*	*	*	*	*	*	*	*	*	*	*	*	*	*	(1,3]	(1,3]	(1,3]
346	(3,5]	(1,3]	(1,3]	(1,3]	(1,3]	(1,3]	(1,3]	*	*	*	*	*	(1,3]	(1,3]	(1,3]	(1,3]	(1,3]	(1,3]	(1,3]	(1,3]
348	(1,3]	(1,3]	(1,3]	(1,3]	(1,3]	(1,3]	(1,3]	(1,3]	(1,3]	(1,3]	(1,3]	(1,3]	(1,3]	(1,3]	(1,3]	(1,3]	(1,3]	(1,3]	(1,3]	(1,3]
35	*	*	*	*	*	*	*	(1,3]	(1,3]	(1,3]	(1,3]	(1,3]	(1,3]	(1,3]	(1,3]	(1,3]	(1,3]	(1,3]	(1,3]	(1,3]
350	(1,3]	(1,3]	(1,3]	(1,3]	(1,3]	(1,3]	(1,3]	(1,3]	(1,3]	(1,3]	(1,3]	(1,3]	(1,3]	(1,3]	(1,3]	(1,3]	(1,3]	(1,3]	(1,3]	(1,3]
36	(10,20]	(10,20]	(10,20]	(10,20]	(10,20]	(10,20]	(10,20]	(10,20]	(10,20]	(10,20]	(10,20]	(10,20]	(10,20]	(10,20]	(10,20]	(10,20]	(10,20]	(10,20]	(10,20]	(10,20]
38	(3,5]	(3,5]	(3,5]	(3,5]	(3,5]	(1,3]	(1,3]	(1,3]	(1,3]	(1,3]	(1,3]	(1,3]	(1,3]	(1,3]	(1,3]	(1,3]	(1,3]	(1,3]	(1,3]	(1,3]
39	[0,1]	[0,1]	[0,1]	[0,1]	[0,1]	[0,1]	(5,10]	(5,10]	(5,10]	(1,3]	(1,3]	(1,3]	(1,3]	(1,3]	(1,3]	(1,3]	(1,3]	(1,3]	(1,3]	(1,3]
40	(1,3]	(1,3]	(1,3]	(1,3]	(1,3]	(1,3]	(1,3]	(3,5]	(3,5]	(3,5]	(3,5]	(3,5]	(3,5]	(3,5]	(3,5]	(3,5]	(3,5]	(3,5]	(3,5]	(3,5]
42	(5,10]	(5,10]	(5,10]	(5,10]	(5,10]	(5,10]	(5,10]	(5,10]	(5,10]	(5,10]	(5,10]	(5,10]	(5,10]	(5,10]	(5,10]	(5,10]	(5,10]	(5,10]	(5,10]	(5,10]
43	*	*	*	*	(5,10]	(5,10]	(5,10]	(5,10]	(5,10]	(5,10]	%	%	%	%	%	%	%	%	%	%
44	*	*	*	*	*	(1,3]	(1,3]	(1,3]	(1,3]	(1,3]	(1,3]	(1,3]	(1,3]	(1,3]	(1,3]	(1,3]	(1,3]	(1,3]	(1,3]	(1,3]
45	(3,5]	(3,5]	(5,10]	(5,10]	(5,10]	(5,10]	(5,10]	(5,10]	(5,10]	(5,10]	(5,10]	(5,10]	(5,10]	(5,10]	(5,10]	(5,10]	(5,10]	(5,10]	(5,10]	(5,10]
47	(5,10]	(5,10]	(5,10]	(5,10]	(5,10]	(5,10]	(5,10]	(5,10]	(5,10]	(5,10]	(5,10]	(5,10]	(5,10]	(5,10]	(5,10]	(5,10]	(5,10]	(5,10]	(5,10]	(5,10]
48	(3,5]	(3,5]	(3,5]	(3,5]	(3,5]	(3,5]	(3,5]	(3,5]	(3,5]	(3,5]	(3,5]	(3,5]	(3,5]	(3,5]	(3,5]	(3,5]	(3,5]	(3,5]	(3,5]	(3,5]
49	*	*	*	*	*	*	*	*	*	*	*	*	*	*	*	*	*	(5,10]	(5,10]	(5,10]
50	*	*	*	*	*	*	*	*	*	*	*	*	*	*	*	[0,1]	[0,1]	[0,1]	(1,3]	(1,3]
51	*	*	*	*	*	*	(1,3]	(1,3]	(1,3]	(3,5]	(3,5]	(3,5]	(3,5]	(3,5]	(3,5]	(5,10]	(5,10]	(5,10]	(5,10]	(5,10]
52	(1,3]	(1,3]	(1,3]	(1,3]	(1,3]	(1,3]	(1,3]	(1,3]	(1,3]	(1,3]	(1,3]	(5,10]	(5,10]	(5,10]	(5,10]	(5,10]	(5,10]	(5,10]	(5,10]	(5,10]
53	(3,5]	(3,5]	(3,5]	(3,5]	(3,5]	(3,5]	(3,5]	(3,5]	(5,10]	(5,10]	(5,10]	(5,10]	(5,10]	(5,10]	(5,10]	(5,10]	(5,10]	(5,10]	(5,10]	(5,10]
54	(5,10]	(5,10]	(5,10]	(5,10]	(5,10]	(5,10]	(5,10]	(5,10]	(5,10]	(5,10]	(5,10]	(5,10]	(5,10]	(5,10]	(5,10]	(5,10]	(5,10]	(5,10]	(5,10]	%
55	(5,10]	(5,10]	(5,10]	(5,10]	(5,10]	(5,10]	(5,10]	(3,5]	(3,5]	(3,5]	(3,5]	(3,5]	(3,5]	(3,5]	(3,5]	(3,5]	(3,5]	(3,5]	(3,5]	(3,5]
56	(1,3]	(1,3]	(1,3]	(1,3]	(1,3]	(1,3]	(1,3]	(1,3]	(1,3]	(1,3]	(1,3]	(1,3]	(1,3]	(1,3]	(1,3]	(1,3]	(1,3]	(1,3]	(1,3]	(1,3]
57	*	*	*	(1,3]	(1,3]	(1,3]	(1,3]	(1,3]	(1,3]	(1,3]	(1,3]	(1,3]	(1,3]	(1,3]	(1,3]	(1,3]	(1,3]	(1,3]	(1,3]	(1,3]
58	(1,3]	(1,3]	(1,3]	(1,3]	(3,5]	(3,5]	(3,5]	(3,5]	(3,5]	(3,5]	(3,5]	(3,5]	(3,5]	(3,5]	(1,3]	(5,10]	(5,10]	(5,10]	(5,10]	(5,10]
59	*	*	*	*	*	*	*	*	(1,3]	(3,5]	(3,5]	(3,5]	(3,5]	(3,5]	(3,5]	(3,5]	%	%	%	%
60	*	*	*	*	*	*	*	*	*	*	*	[0,1]	[0,1]	[0,1]	[0,1]	[0,1]	[0,1]	[0,1]	[0,1]	[0,1]
61	(1,3]	(1,3]	(1,3]	(1,3]	(1,3]	(1,3]	(3,5]	(3,5]	(3,5]	(3,5]	(3,5]	(3,5]	(3,5]	(3,5]	(3,5]	(3,5]	(3,5]	(3,5]	(3,5]	(3,5]
62	(1,3]	(1,3]	(1,3]	(1,3]	(1,3]	(1,3]	(1,3]	(1,3]	(1,3]	(1,3]	(1,3]	(1,3]	(1,3]	(1,3]	(1,3]	(1,3]	(1,3]	(1,3]	(1,3]	(1,3]
63	*	*	*	*	*	*	*	*	*	*	*	*	*	*	*	*	*	(5,10]	(5,10]	(5,10]
64	*	*	*	*	*	*	[0,1]	[0,1]	[0,1]	[0,1]	[0,1]	[0,1]	[0,1]	[0,1]	[0,1]	[0,1]	[0,1]	[0,1]	[0,1]	[0,1]
69	*	*	*	*	*	*	*	*	*	*	*	*	*	*	*	*	(5,10]	(5,10]	(5,10]	(5,10]
7	*	*	*	(1,3]	(1,3]	(1,3]	(1,3]	(1,3]	(1,3]	(1,3]	(1,3]	(1,3]	(1,3]	(1,3]	(1,3]	(1,3]	(1,3]	(1,3]	(1,3]	(1,3]
72	*	*	*	*	*	*	*	*	*	*	*	*	*	*	*	(1,3]	(1,3]	(1,3]	(1,3]	(1,3]
73	[0,1]	[0,1]	[0,1]	[0,1]	[0,1]	[0,1]	[0,1]	[0,1]	[0,1]	[0,1]	[0,1]	[0,1]	[0,1]	[0,1]	[0,1]	[0,1]	[0,1]	[0,1]	[0,1]	[0,1]
74	(1,3]	(1,3]	(1,3]	(1,3]	(1,3]	(1,3]	(1,3]	(1,3]	(1,3]	(1,3]	(1,3]	(1,3]	(1,3]	(1,3]	(1,3]	(1,3]	(1,3]	(1,3]	(1,3]	(1,3]
75	(1,3]	(1,3]	(1,3]	(1,3]	(1,3]	(1,3]	(1,3]	(1,3]	(1,3]	(1,3]	(1,3]	(1,3]	(1,3]	(1,3]	(1,3]	(1,3]	(1,3]	(1,3]	(1,3]	(1,3]
76	(1,3]	(1,3]	(1,3]	(1,3]	(1,3]	(1,3]	(1,3]	(1,3]	(3,5]	(3,5]	(3,5]	(3,5]	(3,5]	(3,5]	(3,5]	(3,5]	(3,5]	(3,5]	(3,5]	(3,5]
79	(5,10]	(5,10]	(5,10]	(5,10]	(5,10]	(5,10]	(5,10]	(5,10]	(5,10]	(5,10]	(5,10]	(5,10]	(5,10]	(5,10]	(5,10]	(5,10]	(5,10]	(5,10]	(5,10]	(5,10]
8	*	*	*	*	*	*	*	*	(1,3]	(1,3]	(1,3]	(1,3]	(1,3]	(1,3]	(1,3]	(1,3]	(1,3]	(1,3]	(1,3]	(1,3]
80	(5,10]	(5,10]	(5,10]	(5,10]	(5,10]	(3,5]	(3,5]	(3,5]	(3,5]	(3,5]	(3,5]	(3,5]	(3,5]	(3,5]	(3,5]	(3,5]	(3,5]	(3,5]	(3,5]	(3,5]
81	*	*	*	[0,1]	[0,1]	[0,1]	[0,1]	[0,1]	[0,1]	[0,1]	[0,1]	[0,1]	[0,1]	[0,1]	[0,1]	[0,1]	[0,1]	(1,3]	(1,3]	(1,3]
82	*	*	*	*	(5,10]	(5,10]	(5,10]	(5,10]	(5,10]	(5,10]	(5,10]	(5,10]	(5,10]	(5,10]	(5,10]	(5,10]	(5,10]	(5,10]	(5,10]	(5,10]
83	*	*	*	*	*	*	*	*	*	*	*	*	*	*	*	*	*	(5,10]	(5,10]	(5,10]
85	(10,20]	(10,20]	(10,20]	(10,20]	(10,20]	(10,20]	(10,20]	(10,20]	(10,20]	(10,20]	(10,20]	(10,20]	(10,20]	(10,20]	(10,20]	(10,20]	(10,20]	(10,20]	(10,20]	(10,20]
86	*	*	*	*	*	*	*	*	*	*	*	*	*	*	*	*	*	(3,5]	(3,5]	(3,5]
88	(1,3]	(1,3]	(1,3]	(1,3]	(1,3]	(1,3]	(1,3]	(1,3]	(1,3]	(1,3]	(1,3]	(1,3]	(1,3]	(1,3]	(1,3]	(1,3]	(1,3]	(1,3]	(1,3]	(1,3]
9	(1,3]	(1,3]	(1,3]	(1,3]	(1,3]	(1,3]	(1,3]	(1,3]	(1,3]	(1,3]	(1,3]	(1,3]	(1,3]	(1,3]	(1,3]	(1,3]	(1,3]	(1,3]	(1,3]	(1,3]
90	*	*	*	[0,1]	[0,1]	[0,1]	[0,1]	(3,5]	(3,5]	(3,5]	(1,3]	(1,3]	(3,5]	(3,5]	(3,5]	(3,5]	(3,5]	(3,5]	(5,10]	(5,10]
91	*	*	*	(5,10]	(5,10]	(5,10]	(5,10]	(5,10]	(5,10]	(5,10]	(5,10]	(5,10]	(5,10]	(5,10]	(5,10]	(5,10]	(5,10]	(5,10]	(5,10]	(5,10]
94	(3,5]	(3,5]	(3,5]	(1,3]	(1,3]	(1,3]	(1,3]	(1,3]	(1,3]	(3,5]	(3,5]	(3,5]	(3,5]	(3,5]	(3,5]	(3,5]	(3,5]	(3,5]	(3,5]	(3,5]
95	(1,3]	(1,3]	(1,3]	(1,3]	(1,3]	(1,3]	(1,3]	(1,3]	*	*	*	*	(1,3]	(1,3]	(1,3]	(1,3]	(1,3]	(1,3]	(1,3]	(1,3]
96	(3,5]	(3,5]	(3,5]	(3,5]	(3,5]	(3,5]	(3,5]	(3,5]	(3,5]	(3,5]	(3,5]	(3,5]	(3,5]	(3,5]	(3,5]	(3,5]	(3,5]	(3,5]	(3,5]	(3,5]
97	*	*	*	*	*	*	*	*	*	*	*	*	(1,3]	(1,3]	(1,3]	(1,3]	(1,3]	(1,3]	(1,3]	(1,3]
98	(1,3]	(1,3]	(1,3]	(1,3]	(1,3]	(1,3]	(1,3]	(1,3]	(1,3]	(1,3]	(1,3]	(1,3]	(1,3]	(1,3]	(1,3]	(1,3]	(1,3]	(1,3]	(1,3]	(1,3]
