1	[0,1]	[0,1]	[0,1]	[0,1]	[0,1]	[0,1]	[0,1]	[0,1]	[0,1]	[0,1]	[0,1]	(1,3]	(1,3]	(1,3]	(1,3]	(1,3]	(1,3]	(1,3]	(1,3]	(1,3]
10	[0,1]	[0,1]	(10,20]	(10,20]	(10,20]	(10,20]	(10,20]	(10,20]	(10,20]	(10,20]	(10,20]	(10,20]	(10,20]	(10,20]	(10,20]	(10,20]	(10,20]	(10,20]	(10,20]	(10,20]
100	*	*	*	*	*	*	*	*	*	*	(1,3]	(1,3]	(1,3]	(1,3]	(1,3]	(1,3]	(1,3]	(1,3]	(1,3]	(1,3]
101	[0,1]	[0,1]	[0,1]	[0,1]	[0,1]	[0,1]	[0,1]	[0,1]	[0,1]	[0,1]	[0,1]	[0,1]	[0,1]	[0,1]	[0,1]	[0,1]	[0,1]	[0,1]	[0,1]	[0,1]
102	(3,5]	(3,5]	(3,5]	(3,5]	(3,5]	(3,5]	(3,5]	(3,5]	(3,5]	(3,5]	(3,5]	(3,5]	(3,5]	(3,5]	(3,5]	(3,5]	(3,5]	(3,5]	(3,5]	(3,5]
103	(3,5]	(3,5]	(3,5]	(3,5]	(3,5]	(3,5]	(3,5]	(3,5]	(3,5]	(3,5]	(3,5]	(3,5]	(3,5]	(3,5]	(3,5]	(3,5]	(3,5]	(3,5]	(3,5]	(3,5]
104	[0,1]	[0,1]	[0,1]	[0,1]	[0,1]	[0,1]	[0,1]	[0,1]	[0,1]	[0,1]	[0,1]	[0,1]	[0,1]	[0,1]	[0,1]	[0,1]	[0,1]	[0,1]	[0,1]	[0,1]
105	(1,3]	(1,3]	(1,3]	(1,3]	(1,3]	(1,3]	(1,3]	(1,3]	(1,3]	(1,3]	(1,3]	(1,3]	(1,3]	(1,3]	(1,3]	(1,3]	(1,3]	(1,3]	(1,3]	(1,3]
106	(1,3]	(1,3]	(1,3]	(1,3]	(1,3]	(1,3]	(1,3]	(5,10]	(5,10]	(5,10]	(5,10]	(5,10]	(5,10]	(5,10]	(5,10]	(5,10]	(5,10]	(5,10]	(5,10]	(5,10]
107	(10,20]	(10,20]	(10,20]	(10,20]	(10,20]	(10,20]	(10,20]	(10,20]	(10,20]	(10,20]	(10,20]	(10,20]	(10,20]	(10,20]	(10,20]	(10,20]	(10,20]	(10,20]	(10,20]	(10,20]
108	(1,3]	(1,3]	(1,3]	(1,3]	%	%	%	%	%	%	%	%	%	%	%	%	%	%	%	%
109	*	*	*	*	*	*	(1,3]	(1,3]	(1,3]	(1,3]	(1,3]	(1,3]	(1,3]	(1,3]	(1,3]	(1,3]	(1,3]	(1,3]	(1,3]	(1,3]
11	*	*	*	*	*	*	(1,3]	(1,3]	(1,3]	(1,3]	(1,3]	(1,3]	(1,3]	(1,3]	(1,3]	(1,3]	(1,3]	(1,3]	(1,3]	(1,3]
110	*	(1,3]	(1,3]	(1,3]	(1,3]	(1,3]	(1,3]	(1,3]	(1,3]	(1,3]	(1,3]	(1,3]	(1,3]	(1,3]	(1,3]	(1,3]	(1,3]	(1,3]	(1,3]	(1,3]
113	(5,10]	(5,10]	(5,10]	(5,10]	(5,10]	(5,10]	(5,10]	(5,10]	(5,10]	(5,10]	(5,10]	(5,10]	(5,10]	(5,10]	(5,10]	(5,10]	(5,10]	(5,10]	(5,10]	(5,10]
114	(5,10]	(5,10]	(5,10]	(5,10]	(5,10]	(5,10]	(5,10]	(5,10]	%	%	%	%	%	%	%	%	%	%	%	%
115	(1,3]	(1,3]	(1,3]	(1,3]	(1,3]	[0,1]	[0,1]	[0,1]	[0,1]	[0,1]	[0,1]	[0,1]	[0,1]	[0,1]	[0,1]	[0,1]	[0,1]	[0,1]	[0,1]	[0,1]
117	(1,3]	(1,3]	(1,3]	(1,3]	(1,3]	(1,3]	(1,3]	(1,3]	(1,3]	(1,3]	%	%	%	%	%	%	%	%	%	%
12	(1,3]	(1,3]	(1,3]	(1,3]	(1,3]	(1,3]	(1,3]	(1,3]	(1,3]	(1,3]	(1,3]	(1,3]	(1,3]	(1,3]	(1,3]	(1,3]	(1,3]	(1,3]	(1,3]	(1,3]
120	[0,1]	[0,1]	[0,1]	[0,1]	[0,1]	[0,1]	[0,1]	[0,1]	[0,1]	[0,1]	[0,1]	[0,1]	[0,1]	[0,1]	[0,1]	[0,1]	[0,1]	[0,1]	[0,1]	[0,1]
121	*	*	*	*	*	*	*	*	*	*	(5,10]	(5,10]	(5,10]	(3,5]	(3,5]	(3,5]	(3,5]	(3,5]	(3,5]	(3,5]
122	(3,5]	(3,5]	(3,5]	(3,5]	(3,5]	(3,5]	(3,5]	(3,5]	(3,5]	(3,5]	(3,5]	(3,5]	(3,5]	(3,5]	(3,5]	(5,10]	(5,10]	(5,10]	(5,10]	(5,10]
124	(3,5]	(3,5]	(3,5]	(3,5]	(3,5]	(3,5]	(3,5]	(3,5]	(3,5]	(3,5]	(1,3]	(1,3]	(1,3]	(1,3]	(1,3]	(1,3]	(1,3]	(1,3]	(1,3]	(1,3]
125	(3,5]	(3,5]	(3,5]	(3,5]	(3,5]	(3,5]	(3,5]	(3,5]	(3,5]	(3,5]	(3,5]	(3,5]	(3,5]	(3,5]	(3,5]	(3,5]	(3,5]	(3,5]	(3,5]	(3,5]
126	(5,10]	(5,10]	(5,10]	(5,10]	(5,10]	(5,10]	(5,10]	(5,10]	(5,10]	(5,10]	(5,10]	(5,10]	(5,10]	(5,10]	(5,10]	(5,10]	(5,10]	(5,10]	(5,10]	(5,10]
130	*	*	*	*	*	*	*	*	*	*	*	*	*	*	*	*	*	(1,3]	(1,3]	(1,3]
131	*	*	*	(1,3]	(1,3]	(1,3]	(1,3]	(1,3]	(1,3]	(1,3]	(1,3]	(1,3]	(1,3]	(1,3]	(1,3]	(1,3]	(1,3]	(1,3]	(1,3]	(1,3]
133	(1,3]	(1,3]	(1,3]	(1,3]	(1,3]	(1,3]	(1,3]	(1,3]	(1,3]	(1,3]	(1,3]	(1,3]	(1,3]	(1,3]	(1,3]	(1,3]	(1,3]	(1,3]	(1,3]	(1,3]
137	(3,5]	(3,5]	(3,5]	(3,5]	(3,5]	(3,5]	(3,5]	(3,5]	(3,5]	(3,5]	(3,5]	(3,5]	(3,5]	(3,5]	(3,5]	(3,5]	(3,5]	(3,5]	(3,5]	(3,5]
139	(3,5]	(3,5]	(5,10]	(5,10]	(5,10]	(5,10]	(5,10]	(5,10]	(5,10]	(5,10]	(5,10]	(5,10]	(5,10]	(5,10]	(5,10]	(5,10]	(5,10]	(5,10]	(5,10]	(5,10]
14	*	(20,100]	(20,100]	(20,100]	[0,1]	[0,1]	(1,3]	(1,3]	(1,3]	(1,3]	(1,3]	(1,3]	(1,3]	(1,3]	(1,3]	(1,3]	(5,10]	(5,10]	(5,10]	(5,10]
140	[0,1]	[0,1]	[0,1]	[0,1]	[0,1]	[0,1]	[0,1]	[0,1]	(20,100]	(20,100]	(20,100]	(20,100]	(20,100]	(20,100]	(20,100]	(20,100]	(20,100]	(20,100]	(20,100]	(20,100]
142	(5,10]	(5,10]	(5,10]	(5,10]	(5,10]	(5,10]	(5,10]	(5,10]	(5,10]	(5,10]	(5,10]	(5,10]	(10,20]	(10,20]	(10,20]	(10,20]	(10,20]	(10,20]	(10,20]	(10,20]
144	*	*	*	*	*	*	*	*	*	*	*	*	*	*	*	*	(5,10]	(5,10]	(5,10]	(5,10]
145	*	*	*	(3,5]	(3,5]	(1,3]	(1,3]	(1,3]	(1,3]	(1,3]	(1,3]	(1,3]	(1,3]	(1,3]	(1,3]	(1,3]	(1,3]	(1,3]	(1,3]	(1,3]
147	[0,1]	[0,1]	[0,1]	[0,1]	[0,1]	[0,1]	[0,1]	[0,1]	[0,1]	[0,1]	[0,1]	[0,1]	[0,1]	[0,1]	[0,1]	[0,1]	[0,1]	[0,1]	[0,1]	(1,3]
148	(1,3]	(1,3]	(1,3]	(1,3]	(1,3]	(1,3]	(1,3]	(1,3]	(1,3]	(1,3]	(1,3]	(1,3]	(1,3]	(1,3]	(1,3]	(1,3]	(1,3]	(1,3]	(1,3]	(1,3]
149	*	*	*	*	*	*	*	*	*	*	*	*	(1,3]	(1,3]	(1,3]	(1,3]	(1,3]	(1,3]	(1,3]	(1,3]
15	*	*	*	*	(1,3]	(1,3]	(3,5]	(3,5]	(3,5]	(3,5]	(3,5]	(3,5]	(3,5]	(3,5]	(3,5]	(3,5]	(3,5]	(3,5]	(3,5]	(3,5]
150	*	*	*	*	*	*	(1,3]	(1,3]	(1,3]	(1,3]	*	*	*	*	*	(1,3]	(1,3]	(1,3]	(1,3]	(1,3]
151	(1,3]	(1,3]	(1,3]	(1,3]	(1,3]	(1,3]	(1,3]	(1,3]	(1,3]	(1,3]	(1,3]	(1,3]	(1,3]	(1,3]	(1,3]	(1,3]	(1,3]	(1,3]	(1,3]	(1,3]
155	(1,3]	(1,3]	(1,3]	(1,3]	(1,3]	(1,3]	(1,3]	(1,3]	%	%	%	%	%	%	%	%	%	%	%	%
156	*	*	(5,10]	(5,10]	(5,10]	(5,10]	(5,10]	(5,10]	(5,10]	(5,10]	(5,10]	(5,10]	(5,10]	(5,10]	(5,10]	(5,10]	(5,10]	(5,10]	(5,10]	(5,10]
157	(5,10]	(5,10]	(5,10]	(5,10]	(5,10]	(5,10]	(5,10]	(5,10]	(5,10]	(5,10]	(5,10]	(5,10]	(5,10]	(5,10]	(5,10]	(5,10]	(5,10]	(5,10]	(5,10]	(5,10]
158	(5,10]	(5,10]	(5,10]	(5,10]	(5,10]	(5,10]	(5,10]	(5,10]	(5,10]	(5,10]	(5,10]	(5,10]	(5,10]	(5,10]	(5,10]	(5,10]	(5,10]	(5,10]	(5,10]	(5,10]
16	(20,100]	(20,100]	(20,100]	(20,100]	(20,100]	(20,100]	(20,100]	(20,100]	(20,100]	(20,100]	(20,100]	(20,100]	(20,100]	(20,100]	(20,100]	(20,100]	(20,100]	(20,100]	(20,100]	(20,100]
160	(20,100]	(20,100]	(20,100]	(20,100]	(20,100]	(20,100]	(20,100]	(20,100]	(20,100]	(20,100]	(20,100]	(20,100]	(20,100]	(20,100]	(20,100]	(20,100]	(20,100]	(20,100]	(20,100]	(20,100]
161	(10,20]	(10,20]	(10,20]	(10,20]	(10,20]	(10,20]	(10,20]	(10,20]	(10,20]	(10,20]	(10,20]	(10,20]	(10,20]	(10,20]	(10,20]	(10,20]	(10,20]	(10,20]	(10,20]	(10,20]
162	*	*	*	*	*	(10,20]	(10,20]	(10,20]	(10,20]	(10,20]	(10,20]	(10,20]	(10,20]	(10,20]	(10,20]	(10,20]	(10,20]	(10,20]	(10,20]	(10,20]
163	*	*	*	*	*	*	*	*	*	*	*	*	[0,1]	[0,1]	(5,10]	(5,10]	(5,10]	(5,10]	(5,10]	(5,10]
164	(5,10]	(5,10]	(5,10]	(5,10]	(5,10]	(5,10]	(5,10]	(5,10]	(5,10]	(5,10]	(5,10]	(5,10]	(5,10]	(5,10]	(5,10]	(5,10]	(5,10]	(5,10]	(5,10]	(5,10]
166	*	*	*	*	*	*	*	*	*	*	*	*	*	*	*	*	*	*	(5,10]	(5,10]
168	*	*	*	*	*	*	*	*	*	*	*	*	*	*	*	*	*	*	(1,3]	(1,3]
169	(10,20]	(10,20]	(10,20]	(10,20]	(10,20]	(10,20]	(10,20]	(10,20]	(10,20]	(10,20]	(10,20]	(10,20]	(10,20]	(10,20]	(10,20]	(10,20]	(10,20]	%	%	%
17	(1,3]	(1,3]	(1,3]	(1,3]	(1,3]	(1,3]	(1,3]	(1,3]	(1,3]	(1,3]	(1,3]	(1,3]	(3,5]	(3,5]	(3,5]	(3,5]	(3,5]	(3,5]	(3,5]	(3,5]
170	*	*	*	*	(3,5]	(3,5]	(3,5]	(3,5]	(3,5]	(3,5]	(3,5]	(3,5]	(3,5]	(3,5]	(3,5]	(3,5]	(3,5]	(3,5]	(3,5]	(3,5]
172	(10,20]	(10,20]	(10,20]	(10,20]	(10,20]	(10,20]	(10,20]	(10,20]	(10,20]	(10,20]	(10,20]	(10,20]	(10,20]	(10,20]	(10,20]	(10,20]	(10,20]	(10,20]	(10,20]	(10,20]
173	*	*	*	*	*	*	*	*	*	*	*	*	*	*	*	*	*	(1,3]	(1,3]	(1,3]
174	*	*	*	*	*	*	*	*	*	*	*	*	*	(5,10]	(5,10]	(5,10]	(5,10]	(5,10]	(5,10]	(5,10]
175	(3,5]	(3,5]	(3,5]	(3,5]	(3,5]	(3,5]	(3,5]	(3,5]	(3,5]	(3,5]	(3,5]	(3,5]	(3,5]	(3,5]	(3,5]	(3,5]	(3,5]	(3,5]	(3,5]	(3,5]
176	*	*	*	*	*	*	*	*	*	*	*	*	*	*	*	*	*	*	*	(5,10]
179	(5,10]	(1,3]	(1,3]	(1,3]	(1,3]	(1,3]	(5,10]	(5,10]	(5,10]	(5,10]	(5,10]	%	%	%	%	%	%	%	%	%
18	*	*	*	*	*	*	(1,3]	(1,3]	(1,3]	(1,3]	(1,3]	(1,3]	(1,3]	(1,3]	(1,3]	(1,3]	(1,3]	(1,3]	(1,3]	(1,3]
180	(3,5]	(3,5]	(3,5]	(3,5]	(3,5]	(3,5]	(3,5]	(3,5]	(3,5]	(3,5]	(3,5]	(3,5]	(3,5]	(3,5]	(3,5]	(3,5]	(3,5]	(3,5]	(3,5]	(3,5]
181	*	*	*	*	*	*	*	*	*	*	*	(1,3]	[0,1]	[0,1]	[0,1]	%	%	%	%	%
183	*	*	*	*	*	*	*	*	*	*	*	*	*	(1,3]	(1,3]	(1,3]	(1,3]	(1,3]	(1,3]	(1,3]
185	*	*	*	*	*	*	*	*	*	*	*	*	*	*	*	*	*	*	(5,10]	(5,10]
187	[0,1]	[0,1]	[0,1]	[0,1]	[0,1]	[0,1]	[0,1]	[0,1]	[0,1]	[0,1]	[0,1]	[0,1]	[0,1]	[0,1]	[0,1]	[0,1]	[0,1]	[0,1]	[0,1]	[0,1]
188	(1,3]	(1,3]	(1,3]	(1,3]	(1,3]	(1,3]	(1,3]	(1,3]	(1,3]	(1,3]	(1,3]	(1,3]	(1,3]	(1,3]	(1,3]	(1,3]	(1,3]	(1,3]	(1,3]	(1,3]
189	*	*	*	*	*	*	*	*	*	*	*	*	*	*	*	*	(10,20]	(10,20]	(10,20]	(10,20]
19	*	*	*	*	*	*	*	*	*	*	*	*	*	*	*	*	(10,20]	(10,20]	(10,20]	(10,20]
190	*	*	(3,5]	(3,5]	(3,5]	(3,5]	(3,5]	(3,5]	(3,5]	(3,5]	(3,5]	(3,5]	(3,5]	(1,3]	(1,3]	(1,3]	(1,3]	(1,3]	(1,3]	(1,3]
191	*	[0,1]	[0,1]	[0,1]	[0,1]	[0,1]	[0,1]	[0,1]	[0,1]	(1,3]	(1,3]	(1,3]	(1,3]	(1,3]	(1,3]	(1,3]	(1,3]	(1,3]	(1,3]	(1,3]
192	(1,3]	(1,3]	(1,3]	(1,3]	(1,3]	(1,3]	(1,3]	(1,3]	(1,3]	(1,3]	(1,3]	(1,3]	(1,3]	(1,3]	(1,3]	(1,3]	(1,3]	(1,3]	(1,3]	(1,3]
194	*	*	*	*	*	*	(5,10]	(5,10]	(5,10]	(5,10]	(5,10]	(5,10]	(5,10]	(5,10]	(5,10]	(5,10]	(5,10]	(5,10]	(5,10]	(5,10]
196	(3,5]	(3,5]	(3,5]	(3,5]	(3,5]	(3,5]	(3,5]	(3,5]	(3,5]	(3,5]	(3,5]	(3,5]	(3,5]	(3,5]	(3,5]	(3,5]	(3,5]	(3,5]	(3,5]	(3,5]
197	*	*	*	*	*	*	*	*	*	*	(5,10]	(5,10]	(5,10]	(5,10]	(5,10]	(5,10]	(5,10]	(5,10]	(10,20]	(10,20]
198	*	*	*	*	*	*	*	*	*	*	*	*	*	*	*	(1,3]	(1,3]	(1,3]	(1,3]	(1,3]
199	*	*	*	*	*	*	*	*	*	*	*	*	*	*	*	*	*	*	*	(3,5]
2	*	*	*	(1,3]	(1,3]	(1,3]	(1,3]	(1,3]	(1,3]	(1,3]	(1,3]	(1,3]	(1,3]	(1,3]	[0,1]	[0,1]	[0,1]	[0,1]	[0,1]	[0,1]
20	*	*	*	*	*	*	*	*	*	*	*	*	*	*	(1,3]	(1,3]	(1,3]	(1,3]	(1,3]	(1,3]
200	(5,10]	(5,10]	(5,10]	(5,10]	(5,10]	(5,10]	(10,20]	(10,20]	(10,20]	(10,20]	(10,20]	(10,20]	(10,20]	(10,20]	(10,20]	(10,20]	(10,20]	(10,20]	(10,20]	(10,20]
202	*	*	*	*	*	*	*	*	*	*	*	*	*	*	*	*	*	(1,3]	(1,3]	(1,3]
203	*	*	*	*	*	*	(3,5]	(3,5]	(3,5]	(3,5]	(3,5]	(3,5]	(3,5]	(3,5]	(3,5]	(3,5]	(3,5]	(3,5]	(3,5]	(3,5]
205	*	*	*	*	*	*	(5,10]	(5,10]	(5,10]	(5,10]	(5,10]	(5,10]	(5,10]	(5,10]	(5,10]	(5,10]	(5,10]	(5,10]	(5,10]	(5,10]
207	*	*	*	*	[0,1]	[0,1]	[0,1]	[0,1]	[0,1]	[0,1]	[0,1]	[0,1]	[0,1]	[0,1]	[0,1]	[0,1]	[0,1]	[0,1]	[0,1]	[0,1]
209	(5,10]	(5,10]	(5,10]	(5,10]	(5,10]	(5,10]	(5,10]	(5,10]	(5,10]	(5,10]	(5,10]	(5,10]	(3,5]	(3,5]	(3,5]	(3,5]	(3,5]	(3,5]	(3,5]	(3,5]
210	*	*	*	*	*	*	(1,3]	(1,3]	(1,3]	(1,3]	(1,3]	(1,3]	(1,3]	(1,3]	(1,3]	(1,3]	(1,3]	(1,3]	(1,3]	(1,3]
211	*	*	*	*	*	(1,3]	(1,3]	(1,3]	(1,3]	(1,3]	(1,3]	(1,3]	(1,3]	(1,3]	(3,5]	(3,5]	(3,5]	(3,5]	(3,5]	(3,5]
212	(5,10]	(5,10]	(5,10]	(5,10]	(5,10]	(5,10]	(5,10]	(5,10]	(5,10]	(5,10]	(5,10]	(5,10]	(5,10]	(5,10]	(5,10]	(5,10]	(5,10]	(5,10]	(5,10]	(5,10]
215	(1,3]	(1,3]	(1,3]	(1,3]	(1,3]	(1,3]	(1,3]	(1,3]	(1,3]	(1,3]	(1,3]	(1,3]	(1,3]	(1,3]	(1,3]	(1,3]	(1,3]	(1,3]	(1,3]	(1,3]
216	(5,10]	(5,10]	(5,10]	(5,10]	(5,10]	(5,10]	(5,10]	(5,10]	(5,10]	(5,10]	(5,10]	(5,10]	(5,10]	(5,10]	(5,10]	(5,10]	(5,10]	(5,10]	(5,10]	(5,10]
217	(1,3]	(1,3]	(1,3]	(1,3]	(1,3]	(1,3]	(1,3]	(1,3]	(1,3]	(1,3]	(1,3]	(1,3]	(1,3]	(1,3]	(1,3]	(1,3]	(1,3]	(1,3]	(1,3]	(1,3]
218	(5,10]	(5,10]	(5,10]	(5,10]	(5,10]	(5,10]	(5,10]	(10,20]	(10,20]	(10,20]	(10,20]	(10,20]	(10,20]	(10,20]	(10,20]	(10,20]	(10,20]	(10,20]	(10,20]	(10,20]
22	*	*	*	*	*	*	*	*	*	*	*	*	*	*	(20,100]	(20,100]	(20,100]	(20,100]	(20,100]	(20,100]
222	*	(10,20]	(10,20]	(10,20]	(10,20]	(10,20]	(10,20]	(10,20]	(10,20]	(10,20]	(10,20]	(10,20]	(10,20]	(10,20]	(10,20]	(10,20]	(10,20]	(10,20]	(10,20]	(10,20]
223	*	(1,3]	(1,3]	(1,3]	(1,3]	(1,3]	(1,3]	(1,3]	(1,3]	(1,3]	(1,3]	(1,3]	(1,3]	(1,3]	(1,3]	(1,3]	(1,3]	(1,3]	(1,3]	(1,3]
224	(5,10]	(5,10]	(5,10]	(5,10]	(5,10]	(5,10]	(5,10]	(5,10]	(5,10]	(5,10]	(5,10]	(5,10]	(5,10]	(5,10]	(5,10]	(5,10]	(5,10]	(5,10]	(5,10]	(5,10]
225	*	*	*	(3,5]	(3,5]	(3,5]	(3,5]	(3,5]	(3,5]	(3,5]	(3,5]	(3,5]	(3,5]	(3,5]	(3,5]	(3,5]	(3,5]	(3,5]	(3,5]	(3,5]
227	(3,5]	(3,5]	(3,5]	(3,5]	(3,5]	(3,5]	(3,5]	(3,5]	(3,5]	(3,5]	(3,5]	(3,5]	(3,5]	(3,5]	(3,5]	(3,5]	(3,5]	(3,5]	(3,5]	(3,5]
228	(5,10]	(5,10]	(5,10]	(5,10]	(5,10]	(5,10]	(5,10]	(5,10]	(5,10]	(5,10]	(5,10]	(5,10]	(5,10]	(5,10]	(5,10]	(5,10]	(5,10]	(5,10]	(5,10]	(5,10]
229	*	*	*	(5,10]	(5,10]	(5,10]	(5,10]	(5,10]	(5,10]	(5,10]	(5,10]	(5,10]	(5,10]	(5,10]	(5,10]	(5,10]	(5,10]	(5,10]	(5,10]	(5,10]
23	*	*	*	*	*	*	*	*	*	*	*	*	*	*	*	*	(5,10]	(5,10]	(5,10]	(5,10]
230	(1,3]	(1,3]	(1,3]	(1,3]	(1,3]	(1,3]	(1,3]	(1,3]	(1,3]	(1,3]	(1,3]	(1,3]	(1,3]	(1,3]	(1,3]	(1,3]	(1,3]	(1,3]	(1,3]	(1,3]
231	*	*	*	*	*	*	*	(3,5]	(3,5]	(3,5]	(3,5]	(1,3]	(1,3]	(1,3]	(1,3]	(1,3]	(1,3]	(1,3]	(1,3]	(1,3]
232	(5,10]	(5,10]	(5,10]	(5,10]	(5,10]	(5,10]	(5,10]	(5,10]	(5,10]	(5,10]	(5,10]	(5,10]	(5,10]	(5,10]	(5,10]	(5,10]	(5,10]	(5,10]	(5,10]	(5,10]
234	(1,3]	(1,3]	(1,3]	(1,3]	(1,3]	(1,3]	(1,3]	(1,3]	(1,3]	(1,3]	(1,3]	(1,3]	[0,1]	[0,1]	[0,1]	[0,1]	[0,1]	[0,1]	[0,1]	[0,1]
235	(1,3]	(1,3]	(1,3]	(1,3]	(1,3]	(1,3]	(1,3]	(1,3]	(1,3]	(1,3]	(1,3]	(1,3]	(1,3]	(1,3]	(1,3]	(1,3]	(1,3]	(1,3]	(1,3]	(1,3]
236	*	*	(5,10]	(5,10]	(5,10]	(5,10]	(5,10]	(10,20]	(10,20]	(10,20]	(10,20]	(10,20]	(10,20]	(10,20]	(10,20]	(10,20]	(10,20]	(10,20]	(10,20]	(10,20]
237	*	(1,3]	(1,3]	(1,3]	(1,3]	(1,3]	(1,3]	(1,3]	(1,3]	(1,3]	(3,5]	(3,5]	(3,5]	(3,5]	(3,5]	(3,5]	(3,5]	(3,5]	(3,5]	(3,5]
238	(5,10]	(5,10]	(5,10]	(5,10]	(3,5]	(3,5]	(3,5]	(3,5]	(3,5]	(3,5]	(3,5]	(3,5]	(3,5]	(3,5]	(3,5]	(3,5]	(3,5]	(3,5]	(3,5]	(3,5]
239	(20,100]	(20,100]	(20,100]	(20,100]	(10,20]	(10,20]	(10,20]	(10,20]	(10,20]	(10,20]	(10,20]	(10,20]	(10,20]	(10,20]	(10,20]	(10,20]	(10,20]	(10,20]	(10,20]	(10,20]
240	(1,3]	(1,3]	(1,3]	(1,3]	(1,3]	(1,3]	(1,3]	(1,3]	(1,3]	(10,20]	(10,20]	*	*	*	(10,20]	(10,20]	(10,20]	(10,20]	(10,20]	(10,20]
241	*	*	*	*	*	*	*	*	*	*	*	*	(1,3]	(1,3]	(1,3]	(1,3]	(1,3]	(1,3]	(1,3]	(1,3]
242	*	*	*	*	*	*	*	*	*	*	*	*	(5,10]	(5,10]	(5,10]	(5,10]	(5,10]	(5,10]	(5,10]	(5,10]
243	(1,3]	(1,3]	(1,3]	(1,3]	(1,3]	(1,3]	(1,3]	(1,3]	(1,3]	(1,3]	(1,3]	(1,3]	(1,3]	(1,3]	(1,3]	(1,3]	(1,3]	(1,3]	(1,3]	(1,3]
245	(5,10]	(5,10]	(5,10]	(5,10]	(5,10]	[0,1]	[0,1]	[0,1]	[0,1]	[0,1]	[0,1]	[0,1]	[0,1]	[0,1]	[0,1]	[0,1]	(5,10]	(5,10]	(5,10]	(5,10]
246	(3,5]	(3,5]	(3,5]	(3,5]	(3,5]	(3,5]	(3,5]	(3,5]	(3,5]	(3,5]	(3,5]	(3,5]	(3,5]	(3,5]	(3,5]	(1,3]	(1,3]	(1,3]	(1,3]	(1,3]
247	*	*	*	*	*	*	*	*	*	*	*	*	*	*	*	*	(1,3]	(1,3]	(1,3]	(1,3]
248	(20,100]	(20,100]	(20,100]	(20,100]	(20,100]	(20,100]	(20,100]	(20,100]	(20,100]	(20,100]	(20,100]	(20,100]	(20,100]	(20,100]	(20,100]	(20,100]	(20,100]	(20,100]	(20,100]	(20,100]
249	(3,5]	(3,5]	(10,20]	(10,20]	(10,20]	(10,20]	(10,20]	(10,20]	(10,20]	(10,20]	(10,20]	(10,20]	(10,20]	(10,20]	(10,20]	(10,20]	(10,20]	(10,20]	(10,20]	(10,20]
25	*	*	*	*	*	*	*	*	*	*	*	*	*	*	*	*	(5,10]	(5,10]	(5,10]	(5,10]
250	(1,3]	(1,3]	(1,3]	(1,3]	(1,3]	(1,3]	(1,3]	(1,3]	(1,3]	(1,3]	(1,3]	(1,3]	(1,3]	(1,3]	(1,3]	(1,3]	(1,3]	(1,3]	(1,3]	(1,3]
251	[0,1]	[0,1]	[0,1]	[0,1]	[0,1]	[0,1]	[0,1]	[0,1]	[0,1]	[0,1]	[0,1]	[0,1]	[0,1]	[0,1]	[0,1]	[0,1]	[0,1]	[0,1]	[0,1]	[0,1]
254	*	*	*	*	(1,3]	(1,3]	(1,3]	(1,3]	(1,3]	(1,3]	(1,3]	(1,3]	(1,3]	(1,3]	(1,3]	(3,5]	(3,5]	(3,5]	(3,5]	(3,5]
255	*	*	*	*	*	*	*	*	*	*	*	*	*	*	*	*	(1,3]	(1,3]	(1,3]	(1,3]
256	*	*	*	*	*	(1,3]	(1,3]	(1,3]	(1,3]	(1,3]	(1,3]	(1,3]	(1,3]	(1,3]	(1,3]	(1,3]	(1,3]	(1,3]	(1,3]	(1,3]
258	*	*	*	*	*	*	(3,5]	(3,5]	(1,3]	(1,3]	(1,3]	(1,3]	(1,3]	*	(1,3]	(1,3]	(1,3]	(1,3]	(1,3]	(1,3]
259	(1,3]	(1,3]	(1,3]	(1,3]	(1,3]	(1,3]	(1,3]	(1,3]	(1,3]	(1,3]	(1,3]	(1,3]	(1,3]	(1,3]	(1,3]	(1,3]	(1,3]	(1,3]	(1,3]	(1,3]
262	*	*	*	*	*	*	*	*	*	*	*	*	*	*	*	*	(10,20]	(10,20]	(10,20]	(10,20]
264	(5,10]	(5,10]	(5,10]	(5,10]	(5,10]	(5,10]	(5,10]	(5,10]	(5,10]	(5,10]	(5,10]	(5,10]	(5,10]	(5,10]	(5,10]	(5,10]	(5,10]	(5,10]	(5,10]	(5,10]
265	(1,3]	(1,3]	(1,3]	(1,3]	(1,3]	(1,3]	(1,3]	(1,3]	(1,3]	(1,3]	(3,5]	(3,5]	(3,5]	(3,5]	(3,5]	(3,5]	(3,5]	(3,5]	(3,5]	(3,5]
266	(20,100]	(20,100]	(20,100]	(20,100]	(20,100]	(20,100]	%	%	%	%	%	%	%	%	%	%	%	%	%	%
267	(5,10]	(5,10]	(5,10]	(5,10]	(5,10]	(5,10]	(5,10]	(5,10]	(5,10]	(5,10]	(5,10]	(5,10]	(5,10]	(5,10]	(5,10]	(5,10]	(5,10]	(5,10]	(5,10]	(5,10]
268	(1,3]	(1,3]	(1,3]	(1,3]	(1,3]	(1,3]	(1,3]	(1,3]	(1,3]	(1,3]	(1,3]	(1,3]	(1,3]	(1,3]	(1,3]	(1,3]	(1,3]	(1,3]	(1,3]	(1,3]
27	*	*	*	*	*	*	*	*	*	*	*	*	*	*	*	(1,3]	(1,3]	(1,3]	(1,3]	(1,3]
271	*	*	*	*	*	*	*	*	*	(5,10]	(5,10]	(5,10]	(5,10]	(5,10]	(5,10]	(5,10]	(5,10]	(5,10]	(5,10]	(5,10]
272	(1,3]	(1,3]	(1,3]	(1,3]	(1,3]	(1,3]	(1,3]	(1,3]	(1,3]	(1,3]	(1,3]	(1,3]	(1,3]	(1,3]	(1,3]	(1,3]	(1,3]	(1,3]	(1,3]	(1,3]
273	*	*	*	*	*	*	*	*	*	*	*	*	*	*	*	(5,10]	(5,10]	(5,10]	(5,10]	(5,10]
274	*	*	*	*	*	*	*	*	*	*	*	*	*	*	*	*	(10,20]	(10,20]	(10,20]	(10,20]
275	*	*	*	*	*	*	*	*	(1,3]	(1,3]	(1,3]	(1,3]	(1,3]	(1,3]	(1,3]	(1,3]	(1,3]	(1,3]	(1,3]	(1,3]
276	(3,5]	(3,5]	(3,5]	(3,5]	(3,5]	(3,5]	(3,5]	(3,5]	(3,5]	(3,5]	(3,5]	(3,5]	(3,5]	(3,5]	(3,5]	(3,5]	(3,5]	(3,5]	(3,5]	(3,5]
278	*	*	*	*	*	*	*	*	*	*	*	*	*	*	*	*	(3,5]	(3,5]	(3,5]	(3,5]
28	*	*	*	*	*	*	*	*	*	*	*	*	*	*	(10,20]	(10,20]	(10,20]	(10,20]	(10,20]	(10,20]
280	(3,5]	(3,5]	(5,10]	(5,10]	(5,10]	(5,10]	(5,10]	(5,10]	(5,10]	(5,10]	(5,10]	(5,10]	(5,10]	(5,10]	(5,10]	(5,10]	(5,10]	(5,10]	(5,10]	(5,10]
282	(5,10]	(5,10]	(5,10]	(5,10]	(5,10]	(5,10]	(5,10]	(5,10]	(5,10]	(5,10]	(5,10]	(5,10]	(5,10]	(5,10]	(5,10]	(5,10]	(5,10]	(5,10]	(5,10]	(5,10]
283	(1,3]	(1,3]	(1,3]	(1,3]	(1,3]	(1,3]	(1,3]	%	%	%	%	%	%	%	%	%	%	%	%	%
284	*	*	*	*	*	*	*	*	[0,1]	%	%	%	%	%	%	%	%	%	%	%
285	[0,1]	[0,1]	[0,1]	[0,1]	[0,1]	[0,1]	[0,1]	(1,3]	(1,3]	(1,3]	(1,3]	(1,3]	(1,3]	(1,3]	(1,3]	(1,3]	(1,3]	(1,3]	(1,3]	(1,3]
286	(1,3]	(1,3]	(1,3]	(1,3]	(1,3]	(1,3]	(1,3]	(1,3]	(1,3]	(1,3]	(1,3]	(1,3]	(1,3]	(1,3]	(1,3]	(1,3]	(1,3]	(1,3]	(1,3]	(1,3]
287	*	*	*	*	*	*	*	*	*	*	*	(5,10]	(5,10]	(5,10]	(5,10]	(5,10]	(5,10]	(3,5]	(3,5]	(3,5]
288	*	*	*	*	*	*	*	*	*	*	*	*	*	*	*	*	*	*	(5,10]	(5,10]
289	*	*	(1,3]	(1,3]	(1,3]	(1,3]	(1,3]	(1,3]	(1,3]	(1,3]	(1,3]	(1,3]	(1,3]	(1,3]	(1,3]	(1,3]	(1,3]	(1,3]	(1,3]	(1,3]
29	(10,20]	(10,20]	(10,20]	(10,20]	(10,20]	(10,20]	(10,20]	(10,20]	(10,20]	(10,20]	(10,20]	(10,20]	(10,20]	(10,20]	(10,20]	(10,20]	(10,20]	(10,20]	(10,20]	(10,20]
291	*	*	*	*	*	(1,3]	(1,3]	(1,3]	(1,3]	(1,3]	(1,3]	(1,3]	(1,3]	(1,3]	(1,3]	(1,3]	(1,3]	(1,3]	(1,3]	(1,3]
292	*	*	*	*	*	*	*	*	*	*	*	*	*	*	*	*	*	*	(1,3]	(1,3]
293	*	*	(1,3]	(1,3]	(1,3]	(1,3]	(1,3]	(1,3]	(1,3]	(1,3]	(1,3]	(1,3]	(1,3]	(1,3]	(1,3]	(1,3]	(1,3]	(1,3]	(1,3]	(1,3]
295	*	*	*	*	*	*	*	*	(1,3]	(1,3]	(1,3]	(1,3]	(1,3]	(1,3]	(1,3]	(1,3]	(1,3]	(1,3]	(1,3]	(1,3]
296	[0,1]	[0,1]	[0,1]	[0,1]	(5,10]	(5,10]	(5,10]	(5,10]	(5,10]	(5,10]	(5,10]	(5,10]	(5,10]	(5,10]	(5,10]	(5,10]	(5,10]	(5,10]	(5,10]	(5,10]
297	(10,20]	(10,20]	(10,20]	(10,20]	(10,20]	(10,20]	(10,20]	(10,20]	(10,20]	(10,20]	(10,20]	(10,20]	(10,20]	(10,20]	(10,20]	(10,20]	(10,20]	(10,20]	(10,20]	(10,20]
298	(10,20]	(10,20]	(10,20]	(10,20]	(10,20]	(10,20]	(10,20]	(10,20]	(10,20]	(10,20]	(10,20]	(10,20]	(10,20]	(10,20]	(10,20]	(10,20]	(10,20]	(10,20]	(10,20]	(10,20]
299	*	*	*	(1,3]	(1,3]	(1,3]	(1,3]	(1,3]	(1,3]	(1,3]	(1,3]	(1,3]	(1,3]	(1,3]	(1,3]	(1,3]	(1,3]	(1,3]	(1,3]	(1,3]
3	*	*	*	*	*	*	*	*	*	*	*	*	*	*	(1,3]	(1,3]	(1,3]	(1,3]	(1,3]	(1,3]
30	(1,3]	(1,3]	(1,3]	(1,3]	(1,3]	(1,3]	(1,3]	(1,3]	(1,3]	(1,3]	(1,3]	(1,3]	(1,3]	(1,3]	(1,3]	(1,3]	(1,3]	(1,3]	(1,3]	(1,3]
300	(1,3]	(1,3]	(1,3]	(1,3]	(1,3]	(1,3]	(1,3]	(1,3]	(1,3]	(1,3]	(1,3]	(1,3]	(1,3]	(1,3]	(1,3]	(1,3]	(1,3]	(1,3]	(1,3]	(1,3]
301	(1,3]	(1,3]	(1,3]	(1,3]	(1,3]	(1,3]	(1,3]	(1,3]	(1,3]	(1,3]	(1,3]	(1,3]	(1,3]	(1,3]	(1,3]	(1,3]	(1,3]	(1,3]	(1,3]	(1,3]
303	(10,20]	(10,20]	(10,20]	(10,20]	(10,20]	(10,20]	(10,20]	(10,20]	(10,20]	(10,20]	(10,20]	(10,20]	(10,20]	(10,20]	(10,20]	(10,20]	(10,20]	(10,20]	(10,20]	(10,20]
304	(5,10]	(5,10]	(5,10]	(5,10]	(5,10]	(3,5]	(3,5]	(3,5]	(3,5]	(3,5]	(3,5]	(3,5]	(3,5]	(3,5]	(3,5]	(3,5]	(3,5]	(3,5]	(3,5]	(3,5]
306	(3,5]	(3,5]	(3,5]	(3,5]	(3,5]	(3,5]	(3,5]	(3,5]	(3,5]	(3,5]	(3,5]	(3,5]	(3,5]	(3,5]	(3,5]	(3,5]	(3,5]	(3,5]	(3,5]	(3,5]
309	*	*	*	*	*	*	*	*	(5,10]	(5,10]	(5,10]	(5,10]	(5,10]	(5,10]	(5,10]	(5,10]	(5,10]	(5,10]	(5,10]	(5,10]
31	(5,10]	(5,10]	(5,10]	(5,10]	(5,10]	(5,10]	(5,10]	(5,10]	(5,10]	(5,10]	(5,10]	(5,10]	(5,10]	(5,10]	(5,10]	(5,10]	(5,10]	(5,10]	(5,10]	(5,10]
310	(3,5]	(3,5]	(3,5]	(3,5]	(1,3]	(1,3]	(1,3]	(1,3]	(1,3]	(1,3]	(3,5]	(3,5]	(3,5]	(3,5]	(3,5]	(3,5]	(3,5]	(3,5]	(3,5]	(3,5]
311	*	*	*	*	*	*	*	*	*	*	*	*	*	*	*	*	*	*	*	(20,100]
312	(1,3]	(1,3]	(1,3]	(1,3]	(1,3]	(1,3]	(1,3]	(1,3]	(1,3]	(1,3]	(1,3]	(1,3]	(1,3]	(1,3]	(1,3]	(1,3]	(1,3]	(1,3]	(1,3]	(1,3]
315	(5,10]	(5,10]	(5,10]	(5,10]	(5,10]	(5,10]	(5,10]	(5,10]	(5,10]	(5,10]	(5,10]	(5,10]	(5,10]	(5,10]	(5,10]	(5,10]	(5,10]	(5,10]	(5,10]	(5,10]
317	(5,10]	(5,10]	(5,10]	(5,10]	(5,10]	(5,10]	(5,10]	(5,10]	(5,10]	(5,10]	(5,10]	(5,10]	(5,10]	(5,10]	(5,10]	(5,10]	(5,10]	(5,10]	(5,10]	(5,10]
319	*	*	*	*	*	(10,20]	(10,20]	(10,20]	(10,20]	(20,100]	(20,100]	(20,100]	(20,100]	(10,20]	(10,20]	(10,20]	(10,20]	(10,20]	(10,20]	(10,20]
32	*	*	*	*	*	*	*	*	*	*	*	*	*	*	*	*	*	*	*	(5,10]
320	*	*	*	*	(1,3]	(1,3]	(1,3]	(1,3]	(1,3]	(1,3]	(1,3]	(1,3]	(1,3]	(1,3]	(1,3]	(1,3]	(1,3]	(1,3]	(1,3]	(1,3]
321	(5,10]	(5,10]	(5,10]	(5,10]	(5,10]	(5,10]	(5,10]	(5,10]	(5,10]	(5,10]	(5,10]	(5,10]	(5,10]	(5,10]	%	%	%	%	%	%
322	(10,20]	(10,20]	(10,20]	(10,20]	(10,20]	(10,20]	(10,20]	(10,20]	(10,20]	(10,20]	(10,20]	(10,20]	(10,20]	(10,20]	(10,20]	(10,20]	(10,20]	(10,20]	(10,20]	(10,20]
324	(5,10]	(5,10]	(5,10]	(5,10]	(1,3]	(1,3]	(1,3]	(1,3]	(1,3]	(1,3]	(1,3]	(1,3]	(1,3]	(1,3]	(1,3]	(1,3]	(1,3]	(1,3]	(1,3]	(1,3]
325	(1,3]	(1,3]	(1,3]	(1,3]	(1,3]	(1,3]	(1,3]	(1,3]	(1,3]	(1,3]	(1,3]	(1,3]	(1,3]	(1,3]	(1,3]	(1,3]	(1,3]	(1,3]	(1,3]	(1,3]
326	*	*	*	(1,3]	(1,3]	(1,3]	(1,3]	(1,3]	(1,3]	(1,3]	(1,3]	(1,3]	(1,3]	(1,3]	(1,3]	(1,3]	(1,3]	(1,3]	(1,3]	(1,3]
328	(3,5]	(3,5]	(3,5]	(3,5]	(3,5]	(3,5]	(3,5]	(3,5]	(3,5]	(3,5]	(3,5]	(3,5]	(3,5]	(3,5]	(3,5]	(3,5]	(3,5]	(3,5]	(3,5]	(3,5]
329	(1,3]	(1,3]	(1,3]	(1,3]	(1,3]	(1,3]	(1,3]	(1,3]	(1,3]	(1,3]	(1,3]	(1,3]	(1,3]	(1,3]	(1,3]	(1,3]	(1,3]	(1,3]	(1,3]	(1,3]
33	(1,3]	(1,3]	(1,3]	(1,3]	(1,3]	[0,1]	[0,1]	[0,1]	[0,1]	[0,1]	[0,1]	(3,5]	(3,5]	(3,5]	(3,5]	(3,5]	(3,5]	(3,5]	(3,5]	(3,5]
330	(5,10]	(5,10]	(5,10]	(5,10]	(5,10]	(5,10]	(5,10]	[0,1]	[0,1]	[0,1]	[0,1]	[0,1]	[0,1]	[0,1]	[0,1]	[0,1]	[0,1]	[0,1]	[0,1]	[0,1]
332	(3,5]	(3,5]	(3,5]	(3,5]	(3,5]	(3,5]	(3,5]	(3,5]	(3,5]	(3,5]	(3,5]	(3,5]	(3,5]	(3,5]	%	%	%	%	%	%
335	(3,5]	(3,5]	(3,5]	(3,5]	(3,5]	(3,5]	(3,5]	(3,5]	(3,5]	(3,5]	(3,5]	(3,5]	(3,5]	(3,5]	(3,5]	(3,5]	(3,5]	(3,5]	(3,5]	(3,5]
336	*	*	*	*	*	*	*	*	*	*	*	*	*	(10,20]	(10,20]	(10,20]	(10,20]	(10,20]	(10,20]	(10,20]
338	(3,5]	(3,5]	(3,5]	(3,5]	(3,5]	(3,5]	(3,5]	(3,5]	(3,5]	(3,5]	(3,5]	(3,5]	(3,5]	(3,5]	(3,5]	(3,5]	(3,5]	(3,5]	(3,5]	(3,5]
339	(10,20]	(10,20]	(10,20]	(10,20]	(10,20]	(10,20]	(10,20]	(10,20]	(10,20]	(10,20]	(10,20]	(10,20]	(10,20]	(10,20]	(10,20]	(10,20]	(10,20]	(10,20]	(10,20]	(10,20]
34	(3,5]	(3,5]	(3,5]	(3,5]	(3,5]	(3,5]	(3,5]	(3,5]	(3,5]	(3,5]	(3,5]	(3,5]	(3,5]	(3,5]	(3,5]	(3,5]	(3,5]	(3,5]	(3,5]	(3,5]
340	*	*	*	*	*	*	*	(1,3]	(1,3]	(1,3]	(1,3]	(3,5]	(3,5]	(3,5]	(3,5]	(3,5]	(3,5]	(3,5]	(3,5]	(3,5]
341	[0,1]	[0,1]	[0,1]	[0,1]	[0,1]	[0,1]	[0,1]	[0,1]	[0,1]	[0,1]	[0,1]	[0,1]	[0,1]	[0,1]	[0,1]	[0,1]	[0,1]	[0,1]	[0,1]	[0,1]
343	*	*	*	*	*	*	*	*	*	(5,10]	(5,10]	(5,10]	(5,10]	(5,10]	(5,10]	(3,5]	(3,5]	(3,5]	(3,5]	%
344	(1,3]	(1,3]	(1,3]	(1,3]	(1,3]	(1,3]	(1,3]	(1,3]	(1,3]	(1,3]	(1,3]	(1,3]	(1,3]	(1,3]	(1,3]	(1,3]	(1,3]	(1,3]	(1,3]	(1,3]
345	*	*	*	*	*	*	*	*	*	*	*	*	*	*	*	*	*	(1,3]	(1,3]	(1,3]
346	(1,3]	(1,3]	(1,3]	(1,3]	(1,3]	(1,3]	(1,3]	*	*	*	*	*	(5,10]	(5,10]	(5,10]	(5,10]	(5,10]	(5,10]	(5,10]	(5,10]
348	(1,3]	(1,3]	(1,3]	(1,3]	(1,3]	(1,3]	(1,3]	(1,3]	(1,3]	(1,3]	(1,3]	(1,3]	(1,3]	(1,3]	(1,3]	(1,3]	(1,3]	(1,3]	(1,3]	(1,3]
35	*	*	*	*	*	*	*	(1,3]	(1,3]	(1,3]	(1,3]	(1,3]	(1,3]	(1,3]	(1,3]	(1,3]	(1,3]	(1,3]	(1,3]	(1,3]
350	(10,20]	(10,20]	(5,10]	(5,10]	(5,10]	(5,10]	(5,10]	(5,10]	(5,10]	(5,10]	(5,10]	(5,10]	(5,10]	(5,10]	(5,10]	(5,10]	(5,10]	(5,10]	(5,10]	(5,10]
36	(1,3]	(1,3]	(1,3]	(1,3]	(1,3]	(1,3]	(1,3]	(1,3]	(1,3]	(1,3]	(1,3]	(1,3]	(1,3]	(1,3]	(1,3]	(1,3]	(1,3]	(1,3]	(1,3]	(1,3]
38	(1,3]	(1,3]	(1,3]	(1,3]	(1,3]	(1,3]	(1,3]	(1,3]	(1,3]	(1,3]	(1,3]	(1,3]	(1,3]	(1,3]	(1,3]	(1,3]	(1,3]	(1,3]	(1,3]	(1,3]
39	(1,3]	(1,3]	(1,3]	(1,3]	(1,3]	(1,3]	(5,10]	(5,10]	(5,10]	(1,3]	(1,3]	(1,3]	(1,3]	(1,3]	(1,3]	(1,3]	(1,3]	(1,3]	(1,3]	(1,3]
40	(1,3]	(1,3]	(1,3]	(1,3]	(1,3]	(1,3]	(1,3]	(3,5]	(3,5]	(3,5]	(3,5]	(3,5]	(3,5]	(3,5]	(3,5]	(3,5]	(3,5]	(3,5]	(3,5]	(3,5]
42	(3,5]	(3,5]	(3,5]	(3,5]	(3,5]	(3,5]	(3,5]	(3,5]	(3,5]	(3,5]	(3,5]	(3,5]	(3,5]	(3,5]	(3,5]	(3,5]	(3,5]	(3,5]	(3,5]	(3,5]
43	*	*	*	*	(1,3]	(1,3]	(1,3]	(1,3]	(1,3]	(1,3]	%	%	%	%	%	%	%	%	%	%
44	*	*	*	*	*	(5,10]	(5,10]	(5,10]	(5,10]	(5,10]	(5,10]	(5,10]	(5,10]	(5,10]	(5,10]	(5,10]	(10,20]	(10,20]	(10,20]	(10,20]
45	(1,3]	(1,3]	(1,3]	(1,3]	(1,3]	(1,3]	(1,3]	(1,3]	(1,3]	(1,3]	(1,3]	(1,3]	(1,3]	(1,3]	(1,3]	(1,3]	(1,3]	(1,3]	(1,3]	(1,3]
47	(5,10]	(5,10]	(5,10]	(5,10]	(5,10]	(5,10]	(5,10]	(5,10]	(5,10]	(5,10]	(5,10]	(5,10]	(5,10]	(5,10]	(5,10]	(5,10]	(5,10]	(5,10]	(5,10]	(5,10]
48	(5,10]	(5,10]	(5,10]	(5,10]	(5,10]	(5,10]	(10,20]	(10,20]	(10,20]	(10,20]	(10,20]	(10,20]	(10,20]	(10,20]	(10,20]	(10,20]	(10,20]	(10,20]	(10,20]	(10,20]
49	*	*	*	*	*	*	*	*	*	*	*	*	*	*	*	*	*	(3,5]	(3,5]	(3,5]
50	*	*	*	*	*	*	*	*	*	*	*	*	*	*	*	(3,5]	(3,5]	(3,5]	(3,5]	(3,5]
51	*	*	*	*	*	*	(3,5]	(3,5]	(3,5]	(3,5]	(3,5]	(3,5]	(3,5]	(3,5]	(3,5]	(3,5]	(3,5]	(3,5]	(3,5]	(3,5]
52	(3,5]	(3,5]	(3,5]	(5,10]	(5,10]	(5,10]	(5,10]	(5,10]	(5,10]	(5,10]	(5,10]	(3,5]	(3,5]	(3,5]	(3,5]	(3,5]	(3,5]	(3,5]	(3,5]	(3,5]
53	(10,20]	(10,20]	(10,20]	(10,20]	(10,20]	(10,20]	(10,20]	(10,20]	(3,5]	(3,5]	(3,5]	(3,5]	(3,5]	(3,5]	(3,5]	(3,5]	(1,3]	(1,3]	(1,3]	(1,3]
54	(1,3]	(1,3]	(1,3]	(1,3]	(1,3]	(1,3]	(1,3]	(1,3]	(1,3]	(1,3]	(1,3]	(1,3]	(1,3]	(1,3]	(1,3]	(1,3]	(1,3]	(1,3]	(1,3]	%
55	(3,5]	(3,5]	(3,5]	(3,5]	(3,5]	(3,5]	(3,5]	(1,3]	(1,3]	(1,3]	(1,3]	(1,3]	(1,3]	(1,3]	(1,3]	(1,3]	(1,3]	(1,3]	(1,3]	(1,3]
56	(10,20]	(10,20]	(10,20]	(10,20]	(10,20]	(10,20]	(10,20]	(10,20]	(10,20]	(10,20]	(10,20]	(10,20]	(10,20]	(10,20]	(10,20]	(10,20]	(10,20]	(10,20]	(10,20]	(10,20]
57	*	*	*	(1,3]	(1,3]	(1,3]	(1,3]	(1,3]	(1,3]	(1,3]	(1,3]	(1,3]	(1,3]	(1,3]	(1,3]	(1,3]	(1,3]	(1,3]	(1,3]	(1,3]
58	(3,5]	(3,5]	(3,5]	(3,5]	(5,10]	(5,10]	(5,10]	(5,10]	(5,10]	(5,10]	(5,10]	(5,10]	(5,10]	(5,10]	(5,10]	(10,20]	(10,20]	(10,20]	(10,20]	(10,20]
59	*	*	*	*	*	*	*	*	(5,10]	[0,1]	[0,1]	[0,1]	[0,1]	[0,1]	[0,1]	[0,1]	%	%	%	%
60	*	*	*	*	*	*	*	*	*	*	*	(10,20]	(10,20]	(10,20]	(10,20]	(10,20]	(10,20]	(10,20]	(10,20]	(10,20]
61	(20,100]	(20,100]	(20,100]	(20,100]	(20,100]	(20,100]	(20,100]	(20,100]	(20,100]	(20,100]	(20,100]	(20,100]	(20,100]	(20,100]	(20,100]	(20,100]	(20,100]	(20,100]	(20,100]	(20,100]
62	[0,1]	[0,1]	[0,1]	[0,1]	[0,1]	[0,1]	[0,1]	[0,1]	[0,1]	[0,1]	[0,1]	[0,1]	[0,1]	[0,1]	[0,1]	[0,1]	[0,1]	[0,1]	[0,1]	[0,1]
63	*	*	*	*	*	*	*	*	*	*	*	*	*	*	*	*	*	(3,5]	(3,5]	(3,5]
64	*	*	*	*	*	*	(3,5]	(3,5]	(3,5]	(3,5]	(3,5]	(3,5]	(3,5]	(3,5]	(3,5]	(3,5]	(3,5]	(3,5]	(3,5]	(3,5]
69	*	*	*	*	*	*	*	*	*	*	*	*	*	*	*	*	[0,1]	[0,1]	[0,1]	[0,1]
7	*	*	*	(10,20]	(10,20]	(10,20]	(10,20]	(10,20]	(10,20]	(10,20]	(10,20]	(10,20]	(10,20]	(10,20]	(10,20]	(10,20]	(10,20]	(10,20]	(10,20]	(10,20]
72	*	*	*	*	*	*	*	*	*	*	*	*	*	*	*	(3,5]	(3,5]	(3,5]	(3,5]	(3,5]
73	(1,3]	(1,3]	(1,3]	(1,3]	(1,3]	(1,3]	(1,3]	(1,3]	(1,3]	(1,3]	(1,3]	(1,3]	(1,3]	(1,3]	(1,3]	(1,3]	(1,3]	(1,3]	(1,3]	(1,3]
74	(10,20]	(10,20]	(10,20]	(10,20]	(10,20]	(10,20]	(10,20]	(10,20]	(10,20]	(10,20]	(10,20]	(10,20]	(10,20]	(10,20]	(10,20]	(10,20]	(10,20]	(10,20]	(10,20]	(10,20]
75	(5,10]	(5,10]	(5,10]	(5,10]	(5,10]	(5,10]	(5,10]	(5,10]	(5,10]	(5,10]	(5,10]	(5,10]	(5,10]	(5,10]	(5,10]	(5,10]	(5,10]	(5,10]	(5,10]	(5,10]
76	(3,5]	(3,5]	(1,3]	(1,3]	(1,3]	(1,3]	(1,3]	(1,3]	(1,3]	(1,3]	(1,3]	(1,3]	(1,3]	(1,3]	(1,3]	(1,3]	(1,3]	(1,3]	(1,3]	(1,3]
79	(3,5]	(3,5]	(3,5]	(3,5]	(3,5]	(3,5]	(3,5]	(3,5]	(3,5]	(3,5]	(3,5]	(3,5]	(3,5]	(3,5]	(3,5]	(3,5]	(3,5]	(3,5]	(3,5]	(3,5]
8	*	*	*	*	*	*	*	*	(3,5]	(3,5]	(3,5]	(3,5]	(3,5]	(5,10]	(5,10]	(5,10]	(5,10]	(5,10]	(5,10]	(5,10]
80	(1,3]	(1,3]	(1,3]	(1,3]	(1,3]	(1,3]	(1,3]	(1,3]	(1,3]	(1,3]	(1,3]	(1,3]	(1,3]	(1,3]	(1,3]	(1,3]	(1,3]	(1,3]	(1,3]	(1,3]
81	*	*	*	[0,1]	[0,1]	[0,1]	[0,1]	[0,1]	[0,1]	[0,1]	[0,1]	[0,1]	[0,1]	[0,1]	[0,1]	[0,1]	[0,1]	(1,3]	(1,3]	(1,3]
82	*	*	*	*	(1,3]	(1,3]	(1,3]	(1,3]	(1,3]	(1,3]	(1,3]	(1,3]	(1,3]	(1,3]	(1,3]	(1,3]	(1,3]	(1,3]	(1,3]	(1,3]
83	*	*	*	*	*	*	*	*	*	*	*	*	*	*	*	*	*	(5,10]	(5,10]	(5,10]
85	(5,10]	(5,10]	(5,10]	(5,10]	(5,10]	(5,10]	(5,10]	(5,10]	(5,10]	(5,10]	(5,10]	(5,10]	(5,10]	(5,10]	(5,10]	(5,10]	(5,10]	(5,10]	(5,10]	(5,10]
86	*	*	*	*	*	*	*	*	*	*	*	*	*	*	*	*	*	[0,1]	[0,1]	[0,1]
88	(10,20]	(10,20]	(10,20]	(10,20]	(10,20]	(10,20]	(10,20]	(10,20]	(10,20]	(10,20]	(10,20]	(10,20]	(10,20]	(10,20]	(10,20]	(10,20]	(10,20]	(10,20]	(10,20]	(10,20]
9	(10,20]	(10,20]	(10,20]	(10,20]	(10,20]	(10,20]	(10,20]	(10,20]	(10,20]	(10,20]	(10,20]	(10,20]	(10,20]	(10,20]	(10,20]	(10,20]	(10,20]	(10,20]	(10,20]	(10,20]
90	*	*	*	(1,3]	(1,3]	(1,3]	(1,3]	[0,1]	[0,1]	[0,1]	(3,5]	(3,5]	(5,10]	(5,10]	(5,10]	(5,10]	(5,10]	(5,10]	(5,10]	(5,10]
91	*	*	*	[0,1]	[0,1]	[0,1]	[0,1]	[0,1]	[0,1]	[0,1]	[0,1]	[0,1]	[0,1]	[0,1]	[0,1]	[0,1]	[0,1]	[0,1]	[0,1]	[0,1]
94	(3,5]	(3,5]	(3,5]	(1,3]	(1,3]	(1,3]	(1,3]	(1,3]	(1,3]	(3,5]	(3,5]	(3,5]	(3,5]	(3,5]	(3,5]	(3,5]	(3,5]	(3,5]	(3,5]	(3,5]
95	(5,10]	(5,10]	(5,10]	(5,10]	(5,10]	(5,10]	(5,10]	(5,10]	*	*	*	*	(10,20]	(10,20]	(10,20]	(10,20]	(10,20]	(10,20]	(10,20]	(10,20]
96	(1,3]	(1,3]	(1,3]	(1,3]	(1,3]	(1,3]	(1,3]	[0,1]	[0,1]	[0,1]	[0,1]	[0,1]	[0,1]	[0,1]	[0,1]	[0,1]	[0,1]	[0,1]	[0,1]	[0,1]
97	*	*	*	*	*	*	*	*	*	*	*	*	[0,1]	[0,1]	[0,1]	[0,1]	[0,1]	(10,20]	(10,20]	(10,20]
98	(1,3]	(1,3]	(1,3]	(1,3]	(1,3]	(1,3]	(1,3]	(1,3]	(1,3]	(1,3]	(1,3]	(1,3]	(1,3]	(1,3]	(1,3]	(1,3]	(1,3]	(1,3]	(1,3]	(1,3]
